$MeshFormat
2.2 0 8
$EndMeshFormat
$Nodes
976
1 -2.5 0 0
2 2.5 0 0
3 0 3 0
4 -2.4375 0.07500000000000001 0
5 -2.375 0.15 0
6 -2.3125 0.2250000000000001 0
7 -2.25 0.3 0
8 -2.1875 0.3750000000000001 0
9 -2.125 0.4500000000000001 0
10 -2.0625 0.525 0
11 -2 0.6 0
12 -1.9375 0.675 0
13 -1.875 0.75 0
14 -1.8125 0.8250000000000002 0
15 -1.75 0.9000000000000006 0
16 -1.6875 0.9750000000000005 0
17 -1.624999999999999 1.050000000000001 0
18 -1.562499999999999 1.125000000000001 0
19 -1.499999999999999 1.200000000000001 0
20 -1.437499999999999 1.275000000000001 0
21 -1.374999999999999 1.350000000000001 0
22 -1.312499999999999 1.425000000000001 0
23 -1.249999999999999 1.500000000000001 0
24 -1.187499999999999 1.575000000000002 0
25 -1.124999999999998 1.650000000000002 0
26 -1.062499999999998 1.725000000000002 0
27 -0.9999999999999978 1.800000000000002 0
28 -0.937499999999998 1.875000000000002 0
29 -0.8749999999999978 1.950000000000002 0
30 -0.8124999999999976 2.025000000000003 0
31 -0.7499999999999973 2.100000000000003 0
32 -0.6874999999999973 2.175000000000003 0
33 -0.6249999999999971 2.250000000000003 0
34 -0.5624999999999969 2.325000000000004 0
35 -0.4999999999999969 2.400000000000004 0
36 -0.4374999999999964 2.475000000000004 0
37 -0.3749999999999973 2.550000000000003 0
38 -0.3124999999999978 2.625000000000003 0
39 -0.2499999999999978 2.700000000000002 0
40 -0.1874999999999987 2.775000000000001 0
41 -0.1249999999999991 2.850000000000001 0
42 -0.06249999999999911 2.925000000000001 0
43 0.06250000000000001 2.925 0
44 0.1250000000000001 2.85 0
45 0.1875000000000001 2.775 0
46 0.2500000000000001 2.7 0
47 0.3125000000000001 2.625 0
48 0.3750000000000001 2.55 0
49 0.4375000000000001 2.475 0
50 0.5 2.4 0
51 0.5625000000000001 2.325 0
52 0.625 2.25 0
53 0.6875000000000002 2.175 0
54 0.7500000000000006 2.1 0
55 0.8125000000000006 2.024999999999999 0
56 0.8750000000000007 1.949999999999999 0
57 0.9375000000000009 1.874999999999999 0
58 1.000000000000001 1.799999999999999 0
59 1.062500000000001 1.724999999999999 0
60 1.125000000000001 1.649999999999999 0
61 1.187500000000001 1.574999999999999 0
62 1.250000000000001 1.499999999999999 0
63 1.312500000000001 1.424999999999998 0
64 1.375000000000002 1.349999999999998 0
65 1.437500000000002 1.274999999999998 0
66 1.500000000000002 1.199999999999998 0
67 1.562500000000002 1.124999999999998 0
68 1.625000000000002 1.049999999999998 0
69 1.687500000000002 0.9749999999999974 0
70 1.750000000000003 0.8999999999999972 0
71 1.812500000000003 0.8249999999999971 0
72 1.875000000000003 0.7499999999999969 0
73 1.937500000000003 0.6749999999999963 0
74 2.000000000000003 0.5999999999999961 0
75 2.062500000000004 0.5249999999999959 0
76 2.125000000000003 0.4499999999999971 0
77 2.187500000000002 0.3749999999999973 0
78 2.250000000000002 0.2999999999999976 0
79 2.312500000000001 0.2249999999999988 0
80 2.375000000000001 0.149999999999999 0
81 2.437500000000001 0.07499999999999929 0
82 2.4 0 0
83 2.3 0 0
84 2.2 0 0
85 2.1 0 0
86 2 0 0
87 1.9 0 0
88 1.8 0 0
89 1.7 0 0
90 1.6 0 0
91 1.5 0 0
92 1.4 0 0
93 1.3 0 0
94 1.2 0 0
95 1.1 0 0
96 1 0 0
97 0.8999999999999999 0 0
98 0.8 0 0
99 0.7 0 0
100 0.6000000000000001 0 0
101 0.5 0 0
102 0.3999999999999999 0 0
103 0.2999999999999998 0 0
104 0.2000000000000002 0 0
105 0.1000000000000001 0 0
106 0 0 0
107 -0.1000000000000001 0 0
108 -0.2000000000000002 0 0
109 -0.2999999999999998 0 0
110 -0.3999999999999999 0 0
111 -0.5 0 0
112 -0.6000000000000001 0 0
113 -0.7000000000000002 0 0
114 -0.7999999999999998 0 0
115 -0.8999999999999999 0 0
116 -1 0 0
117 -1.1 0 0
118 -1.2 0 0
119 -1.3 0 0
120 -1.4 0 0
121 -1.5 0 0
122 -1.6 0 0
123 -1.7 0 0
124 -1.8 0 0
125 -1.9 0 0
126 -2 0 0
127 -2.1 0 0
128 -2.2 0 0
129 -2.3 0 0
130 -2.4 0 0
131 -0.8428043204380115 1.860324666933955 0
132 0.05310643363714566 0.09031695417752061 0
133 0.8390495879581256 1.85907741461923 0
134 -0.4478510209821538 0.08534107484454911 0
135 0.4512824914417127 0.08829976223701042 0
136 -1.09857855282576 1.560976933454981 0
137 1.088028910641235 1.560678981700266 0
138 0.585322587754828 2.156492379238838 0
139 -1.341298094716166 1.258373412263474 0
140 1.341298094716169 1.258373412263471 0
141 -0.5910236146049653 2.162851331355468 0
142 -0.8476635990585196 0.07981947112260213 0
143 0.85 0.08660254037844373 0
144 -1.586997445612688 0.9673146141170267 0
145 1.608305209080884 0.9572543485564681 0
146 -1.15341948493211 0.08973123472201938 0
147 1.151737333434764 0.08879822201050702 0
148 0.4127915986727094 2.395053451734579 0
149 -0.4085471820760233 2.389545675036503 0
150 -1.453877522754205 0.09238910910518872 0
151 1.451531177408206 0.08711685640605704 0
152 -1.766964099245376 0.7188119474955552 0
153 1.76974886863623 0.7332084907293197 0
154 0.2162980947161674 2.608373412263473 0
155 -1.75036279285255 0.08656398875497584 0
156 1.751306728331921 0.08729732821157421 0
157 -0.2079812612224304 2.611429094892663 0
158 -1.972852390182133 0.5102971509100669 0
159 1.974022022181626 0.5157651518234168 0
160 -0.6442079066427705 0.1078892199538831 0
161 -0.2500381164557873 0.08655189852071332 0
162 0.654370059632285 0.08561591695683324 0
163 0.2555143916366017 0.09552388738559481 0
164 0.7234100058246539 2.000340741022369 0
165 -0.7177589138945126 1.996726772447429 0
166 -0.9583199029440561 1.722560634890231 0
167 -1.468121035542026 1.110148646731127 0
168 -1.219893646947682 1.407463145134164 0
169 1.211028501877583 1.400923443709806 0
170 0.973917710574868 1.712724540467857 0
171 1.462787773227904 1.115678886892138 0
172 -2.090605561593147 0.3575715157513042 0
173 2.090606056281847 0.3575718745404741 0
174 0.09368419847284792 2.759878997070995 0
175 1.950328623279674 0.08656839463196886 0
176 -1.950275130416773 0.08643159585798388 0
177 -2.1500428837615 0.08065269496219973 0
178 2.149991527342574 0.08063264832822614 0
179 -0.08743072863878179 2.752738225434536 0
180 2.218873647044387 0.2112996487671531 0
181 -2.218902164617076 0.2113116175445833 0
182 0.0003713561033168124 2.836758846351962 0
183 2.05009607902546 0.08540634520203783 0
184 2.000322642162141 0.1724410517515718 0
185 1.900969659032364 0.1729449552126578 0
186 1.950256647222123 0.2584531801653223 0
187 1.851754915878822 0.2590084861423128 0
188 1.899180429795938 0.3432945482290398 0
189 1.802310160036455 0.3447298190898979 0
190 1.752840361397327 0.2594914847261949 0
191 1.703832317457314 0.3453774488901702 0
192 1.753639440565692 0.4307069595304296 0
193 1.654950107435114 0.4312714652594615 0
194 1.605005014385206 0.3459474343979674 0
195 1.556092826982407 0.4319120409954262 0
196 1.505134210220143 0.3460296935078127 0
197 1.456090453909798 0.4320033450458485 0
198 1.506849540832934 0.5179174194485169 0
199 1.407983208273299 0.5185759205716904 0
200 1.356640420067662 0.4329710043031051 0
201 1.309066477754175 0.5193091592047985 0
202 1.359280283355343 0.6046426494690427 0
203 1.260580478903658 0.6054063169593431 0
204 1.210399604183669 0.5201341931374008 0
205 1.161689350889931 0.6062460875018523 0
206 1.111468483018125 0.5209491915645859 0
207 1.062742363167625 0.6070870182136261 0
208 1.112284218361914 0.6928755436346858 0
209 1.013704871001908 0.6936109439745003 0
210 0.9638455993948376 0.6080650990559202 0
211 0.915107086467693 0.6941338341653589 0
212 0.9645046259481457 0.7800043105436478 0
213 0.8661418575085744 0.7804498592428653 0
214 0.8162453431362415 0.6951149064080754 0
215 0.7675884494439265 0.7811826436025 0
216 0.8175964365656571 0.8664196161985804 0
217 0.7189842134053359 0.8672790829025306 0
218 0.6687780932807134 0.7822032061905336 0
219 0.6202186101980707 0.8682743850099534 0
220 0.5699555838681258 0.7832107793988478 0
221 0.521450733616715 0.8693017086291288 0
222 0.5716950931716526 0.9543144309493961 0
223 0.4729515869754519 0.9553493104466099 0
224 0.422684654538756 0.8703485435312586 0
225 0.374207046408091 0.9564052859769614 0
226 0.3241733958705608 0.8715666445923156 0
227 0.275733008451056 0.9576150433884536 0
228 0.3258345101030325 1.042434599207548 0
229 0.2271237895291905 1.043509071280329 0
230 0.1773641617302222 0.9589310548564437 0
231 0.1285529100114147 1.044862362769796 0
232 0.1787181250358811 1.129474025075631 0
233 0.08012858781577771 1.130569468552856 0
234 0.02985890101239084 1.045972184875918 0
235 0.1303797742896418 1.215342717699934 0
236 -0.01844768634347217 1.131720174262183 0
237 -0.06872338916984483 1.047112561451943 0
238 -0.1170331374948304 1.132879451899392 0
239 -0.1672985460441424 1.048155295372764 0
240 -0.215576911128421 1.134009795718552 0
241 -0.2658602763629883 1.049318573237898 0
242 -0.1653140484531333 1.218750331471015 0
243 -0.1185138530562363 0.9625001174703005 0
244 -0.314143087658838 1.135153644387905 0
245 -0.3644193418223383 1.050413309712392 0
246 -0.4126829006193203 1.13628396865524 0
247 -0.46301240003078 1.051526473345729 0
248 -0.4146270298354252 0.965609379952051 0
249 -0.5133442707716105 0.9667260596182428 0
250 -0.4649911715098674 0.8807074911085695 0
251 -0.5636865021482879 0.8818498893384904 0
252 -0.6120223590847883 0.9678911135152933 0
253 -0.662374458887222 0.8830618035226194 0
254 -0.5153434287804779 0.7957136848678141 0
255 -0.7106680654774462 0.9690916276154882 0
256 -0.7610193727294504 0.8842810256169026 0
257 -0.809281509490398 0.9702672089369018 0
258 -0.8597086356127028 0.8855128698426177 0
259 -0.8113905022452728 0.7994986836573795 0
260 -0.9101139381957934 0.8007210776714294 0
261 -0.7589539468739647 1.054999529169965 0
262 -0.861778047316928 0.7145977296827952 0
263 -0.9604992434977511 0.7158578963811769 0
264 -1.00882807168581 0.8019625479397882 0
265 -1.059266283507051 0.717123925109449 0
266 -1.010953188946629 0.6309798859683518 0
267 -1.10972502158312 0.6322797487033454 0
268 -0.8574479484260344 1.056192310318698 0
269 -0.8072281270174173 1.140826037933487 0
270 -0.4164529594279001 0.7945854663103642 0
271 -0.4669166244343897 0.7094934954536163 0
272 -0.3679173814296653 0.7083605232273905 0
273 -0.4184455555566493 0.623163695957542 0
274 -0.3193267136350186 0.6220282660435598 0
275 -1.157983159159083 0.7184091456121129 0
276 -1.208462319801442 0.633618897965637 0
277 -1.061416938954553 0.5460170459329972 0
278 -0.3698338518914993 0.5369083552482294 0
279 -0.2707261117575546 0.5356196185576401 0
280 -0.468434333442821 0.5383321793587215 0
281 -0.3624181984335895 1.2209950618671 0
282 -0.4608932278247341 1.222142818525768 0
283 -0.4106800485996703 1.306801118747981 0
284 -0.5090269094717969 1.307924126156123 0
285 -0.4588946432105677 1.392494603968296 0
286 -0.5571471631858322 1.393654939713096 0
287 -0.5069064654856398 1.478062204854133 0
288 -0.4088098590456514 1.477006663934691 0
289 -0.4567992311857246 1.562488657304358 0
290 -0.3587944165115569 1.561450508214451 0
291 -0.4068124426432838 1.646910476649255 0
292 -0.3088108428898364 1.645836947201038 0
293 -0.3566463512618048 1.731326758859989 0
294 -0.2587900455591113 1.7301513129212 0
295 -0.210423566814775 1.644845233357434 0
296 -0.1608450045782717 1.729104203739688 0
297 -0.2087733507652828 1.814522122657804 0
298 -0.1109332703466757 1.813382737905953 0
299 -0.06291559789586873 1.728013929051751 0
300 -0.01301523911410557 1.812295380813754 0
301 0.03503598358648731 1.727036375754931 0
302 -0.0610322346635567 1.897612554292579 0
303 0.08494020140154578 1.81123124425828 0
304 0.1329862741165742 1.725880937988498 0
305 0.1828712916954235 1.810153134233526 0
306 0.2309250852025865 1.72480490234681 0
307 0.2808100411620162 1.809071665114046 0
308 0.3288603434019323 1.723736581802487 0
309 0.2327653600721592 1.894394242922975 0
310 0.2789651174136505 1.639439161253362 0
311 0.3769238660078561 1.638394436405141 0
312 0.2288670443986063 1.214221967674136 0
313 0.5232089832330371 1.040283091115779 0
314 0.6218443711242048 1.039263558698675 0
315 0.5734484738713799 1.125123564389778 0
316 0.6719656771383054 1.124162802580344 0
317 0.6235944480342683 1.209898588204464 0
318 0.721964135504408 1.20889405360439 0
319 0.6736478621368207 1.294321151018875 0
320 0.5753521049333077 1.2955318928865 0
321 0.6248241035957626 1.380342194375514 0
322 0.08329926099022859 1.641896944402718 0
323 0.6185162605025636 0.6970502901482598 0
324 0.5195819759172835 0.6980522367840539 0
325 0.5682170674460126 0.6117812292768683 0
326 0.4691246163348415 0.6127889156509456 0
327 0.5177767682627719 0.5264363196236268 0
328 0.4185879710522101 0.5274739391427232 0
329 1.310671154712689 0.6905351288949637 0
330 -0.2201569675391233 0.6209383683394551 0
331 -0.1715436499962565 0.5344925789352005 0
332 -0.1209492309350122 0.6198376375769019 0
333 -0.07279913675006712 0.5336638448821895 0
334 -0.9625169038125337 0.5447202766989264 0
335 0.6169774315594285 0.5254350647845396 0
336 -0.6059062764140868 1.478927083661195 0
337 -0.02181141219457598 0.6187853650956807 0
338 0.02491573675186376 0.5325646783379585 0
339 0.7719336603117665 1.29328140361051 0
340 0.8202449045267579 1.207921363184968 0
341 0.426801275371178 1.722700586073048 0
342 -0.9055584939586265 1.142026476224337 0
343 -0.8554117814273444 1.226541547986077 0
344 -1.256562005093844 0.7197514983853909 0
345 -1.307069583923815 0.6350154359034605 0
346 -1.206210753745721 0.8044080569639739 0
347 -1.258933828886843 0.548819335146748 0
348 -1.357753260998188 0.5502188664638219 0
349 -1.30950140662446 0.4639810197728984 0
350 -1.408453984445841 0.4653370639635748 0
351 -1.013063786628269 0.4595786173682299 0
352 -0.9140197170688615 0.4582559450864642 0
353 -0.504908403888484 1.647702764424727 0
354 -1.405791999081942 0.6363950088017275 0
355 -0.1228875196311317 0.4479678526924606 0
356 0.3306559169201344 1.8933114736968 0
357 0.2826581333403766 1.978592494204859 0
358 -0.3273431963234235 0.4491396718459055 0
359 0.5664887151484377 0.4399868379828397 0
360 0.6657953603730677 0.4389969072905141 0
361 0.3270365981846881 1.554042801279068 0
362 0.8701507586380652 1.290507935512146 0
363 0.9184403949152308 1.206727334731375 0
364 0.8186675036643001 1.376348354249257 0
365 0.07631373203142072 0.6181671318929218 0
366 1.409270800986576 0.689825589889064 0
367 1.360703429887224 0.7755261758416597 0
368 1.160283915438406 0.4347579787803816 0
369 1.061175276071442 0.4355629934646892 0
370 -1.304613009623783 0.8057577624654899 0
371 -1.254348042832317 0.8902673921433339 0
372 0.4748695432668287 1.637362509862403 0
373 0.5247312617177569 1.721641156895447 0
374 -0.9536355423697549 1.227738997669891 0
375 -1.003765201364176 1.143284200994262 0
376 -0.9035255244501634 1.312139711070127 0
377 -0.3106769105007136 1.475917073744636 0
378 0.1847929682426298 1.979694632123081 0
379 0.2346734426696538 2.063845942989085 0
380 0.1368769332762016 2.064949742620787 0
381 0.1867107536695918 2.149073732638828 0
382 0.08895502518510504 2.150169016298774 0
383 0.1387707553410262 2.234278428017575 0
384 0.04104115217057167 2.235366587287887 0
385 0.0908365082620482 2.319447635342855 0
386 -0.006865140700271012 2.320538011457575 0
387 -0.05666937006048315 2.236469704350634 0
388 -0.9650586229567886 0.3732355555708154 0
389 -0.866802363197904 0.3704577168273564 0
390 -0.8151936146944758 0.4568199191636801 0
391 -0.7673488117985841 0.3686804107344561 0
392 -0.7630605031140002 0.7133513989047856 0
393 0.5727931285324998 1.636524548260086 0
394 -1.06391509957217 0.3743320979666088 0
395 -0.1045678500826657 2.321633350107148 0
396 -0.1543746415045041 2.237572142852347 0
397 0.1802563681129716 1.300264318746248 0
398 0.2789994949507608 1.298945177122672 0
399 0.08212541178867243 1.301164249216451 0
400 0.0286262334381384 0.7041402098035081 0
401 0.3705364807991702 0.6139611132490921 0
402 0.3196087340485229 0.5284461702745211 0
403 0.3680747104463045 0.4420316856105474 0
404 0.268765071116099 0.4430969419969024 0
405 -1.36017027255578 0.378950401026984 0
406 -1.459131095796234 0.3803358875835392 0
407 -1.507497773942246 0.4667144692048029 0
408 -1.558112364996628 0.3817859356897373 0
409 -1.606400546464432 0.4680930912459196 0
410 -1.653824957177365 0.3850093160765052 0
411 0.04293336982229747 2.404593716390552 0
412 0.2844883543174624 2.14800077764026 0
413 0.3804875968507403 1.977510858680999 0
414 0.3175015254707361 0.356501340315297 0
415 0.2180701798960461 0.3575540004761659 0
416 0.9689614509755621 1.28973033707401 0
417 1.017344579782819 1.206139197949584 0
418 0.9668346548330582 1.121531299556085 0
419 1.065676918025909 1.120308111688649 0
420 -1.704568229208871 0.4698146146029299 0
421 -1.748957313424454 0.3923103144909627 0
422 -1.601397739484699 0.305245235309058 0
423 0.6152587159701117 0.3534392722736388 0
424 0.7146510020677792 0.3524683339078492 0
425 0.5260705475607941 1.381546299110038 0
426 1.110063274927365 0.3492845033789534 0
427 1.010949580874932 0.3501388299448016 0
428 -0.8053375553505926 1.311016640117225 0
429 -0.8534396426781053 1.396562359439262 0
430 -0.7087850379673234 1.139715979127312 0
431 0.1316416688315165 1.386248913638093 0
432 0.03386560114290442 1.386954266387367 0
433 1.0152480210953 1.036047311548858 0
434 1.113639984998473 1.034955935475249 0
435 -0.1064821368023084 2.152402811987822 0
436 -0.2041999392542835 2.153498956123953 0
437 -0.3174771901477037 0.7935339928830228 0
438 0.7649651115392999 0.4381682866441487 0
439 0.6226476189283218 1.720611118743431 0
440 0.6706891998146288 1.635536283594465 0
441 0.5745301336838115 1.805899155737807 0
442 -0.7158634454349646 0.4555348661646584 0
443 -0.6670317709879839 0.3689068572492662 0
444 0.1273401708676152 0.7032736023909567 0
445 -1.015865143759108 0.2879049885771596 0
446 -1.352648530847559 0.8915979401780155 0
447 -1.302373539638428 0.9760023338697936 0
448 -1.203817200084258 0.9748807527548611 0
449 -1.051812045246165 1.228892417443587 0
450 0.1406116740490031 2.403511131835137 0
451 -1.114781554811762 0.28896412977136 0
452 1.117569422331022 1.204593800823747 0
453 -1.654526661514608 0.5543293124700085 0
454 1.459164773349211 0.7747725977193134 0
455 1.410589265429358 0.8603411105113199 0
456 1.312242146945767 0.8611249570416211 0
457 1.704877073574222 0.5164144491228456 0
458 -1.251815974338178 1.060567245013621 0
459 -0.9515666272740716 1.397667312409199 0
460 -0.9015001675119245 1.482005823857685 0
461 -0.2022575684070034 2.322732802806999 0
462 -0.1524642339324619 2.406774161974065 0
463 1.554896527108471 0.2603309063006597 0
464 -0.7164021926414932 0.2650497364582849 0
465 -0.6180712315496086 0.282573161019946 0
466 -1.410789467394204 0.2937771898086398 0
467 -0.8034827879935611 1.480887530787904 0
468 0.4771081522630556 1.296669167458688 0
469 0.4259298185516487 1.383012755266456 0
470 1.452799406244029 0.2596000684495321 0
471 -0.6077659942353565 1.3090157493666 0
472 1.507764125647485 0.6892034195852617 0
473 1.557542984623574 0.7740373677892922 0
474 0.9171250329331402 1.036798690469279 0
475 -1.402920770942734 0.8071668738512106 0
476 -1.748669193901908 0.5530882288466247 0
477 -0.1694921136504465 0.7062395399284045 0
478 0.4749286929798489 1.126180074652563 0
479 -0.3118455191257445 1.305715289246427 0
480 0.03905322524571983 2.066065765252383 0
481 -0.1563302500898196 2.068305284258399 0
482 -0.2540874018413089 2.069436603190861 0
483 -0.301941998786221 2.154609536796113 0
484 -0.3517968155647598 2.070528276947484 0
485 1.063519063741059 0.9504858891271465 0
486 -0.3039409342136894 1.985349807715127 0
487 -0.4016639171034418 1.986431693870767 0
488 0.7204082575243513 1.038290158862007 0
489 0.5159288668841289 0.3544562739681919 0
490 1.208886336710342 0.34877070006808 0
491 -0.5657647982603653 0.7108971020257325 0
492 0.2293181686413288 1.555336636662204 0
493 0.5646961495632337 0.2677857296702018 0
494 0.4652950921105641 0.2688305175954943 0
495 1.361812758317266 0.9457156524007768 0
496 0.9622871463959346 0.4365888539968688 0
497 0.8136671210167421 0.3517854270227879 0
498 -1.311839361708053 0.292369892646393 0
499 1.05913400742665 0.2640261577557332 0
500 -0.5675953175201852 0.3679107802434711 0
501 -0.5215050470559515 0.2765410662067357 0
502 0.9605301620384774 0.2645465012658135 0
503 0.7629224384796914 0.2633678780379652 0
504 0.07895661023639106 0.789231244782395 0
505 -0.01976031893639047 0.7904000934478075 0
506 -0.3993595210800845 2.155895814761479 0
507 -0.8507087371354172 1.565828336941503 0
508 -0.753552624185319 1.565211212227636 0
509 -0.8006246042361587 1.65001442355542 0
510 -0.7026463027005125 1.649318831069839 0
511 1.605527144020629 0.6878690983448931 0
512 0.09148664330557452 2.487943888308544 0
513 -0.005172760991963937 2.489606759283801 0
514 0.04335637344370619 2.572924154061898 0
515 0.7198463527016006 1.719232545313776 0
516 0.7684441506144735 1.634263765977909 0
517 0.7192388986185487 1.550533360796491 0
518 0.8142847094250084 1.548756108150035 0
519 0.2668159873780028 0.2720744532542612 0
520 0.1673231592211511 0.2721097173433646 0
521 0.1185143202414446 0.3584343052989138 0
522 0.06527125511510473 0.2713354338185924 0
523 1.00901851910337 0.1780377683386865 0
524 1.263129657695732 0.9469817825928317 0
525 1.313198858428013 1.031191578845553 0
526 1.211915940696187 0.8629516228819534 0
527 -1.102282590822038 1.144355125338867 0
528 -1.05433522487238 1.058600880388866 0
529 -1.149038851706905 1.229149518023068 0
530 0.5239629723663231 1.552267762440166 0
531 0.3278669857870898 1.213102506377479 0
532 0.2773207088524496 1.4698086050009 0
533 -0.01624438400004796 1.302289512004899 0
534 -0.06433474637961573 1.388042382453806 0
535 -0.01444994455253709 1.472702735940232 0
536 -0.1124744101697166 1.473721218989237 0
537 -0.1625708271580329 1.389221643526256 0
538 -0.05123445555053591 2.573566876313691 0
539 -0.3540380343403547 1.901195054101775 0
540 -0.4515256723873745 1.902304181943219 0
541 -0.5013306112250585 1.989745400913264 0
542 -0.5512250811877257 1.90545611416511 0
543 -0.5019002832676008 1.818405815572028 0
544 -0.5997250173387118 1.819744994685277 0
545 0.428485566288581 1.892287704659332 0
546 0.478275177185986 1.976463949918208 0
547 0.4303009246283267 2.061327353929735 0
548 1.800665086923744 0.5174807030971158 0
549 0.372385515641405 0.7853342117172278 0
550 -0.06312375688530783 1.55843420219273 0
551 -0.8134379374110128 0.6284178233784269 0
552 -0.7145222697624529 0.6273859820683292 0
553 -1.21086975805874 0.4624700882873935 0
554 0.02952756411327459 0.8754893344132945 0
555 -1.097155244601599 1.312833222108908 0
556 -0.2532800543920223 2.411646645583869 0
557 0.1775359174165219 0.7881607044299028 0
558 0.2250400559217515 0.702098468766402 0
559 -0.4712828616834585 0.3674987137792461 0
560 -0.4330278248514964 0.2682937924353962 0
561 0.2212255852230371 0.5301218516405272 0
562 0.01599348611130532 0.3576772029156006 0
563 -0.04083476034362558 0.2674559151951986 0
564 -0.7459378260480302 1.73364870968835 0
565 -0.3481028787316223 2.236898722026315 0
566 -1.448478542089141 0.8915017441134349 0
567 -1.501498639257599 0.8079213361912861 0
568 0.8145280671458277 1.716519577343592 0
569 -1.358481515512783 0.2092038204232969 0
570 -1.262762536791812 0.2110559447072661 0
571 -0.9494666316284895 1.567434418204702 0
572 -1.061657007047138 0.2047827045435415 0
573 -0.9666973166482159 0.2008800210173372 0
574 -0.4385094714084484 2.236504191202285 0
575 -0.003053048482464722 2.658857269853705 0
576 -0.5693511941222662 0.1957564109535319 0
577 1.660877348887434 0.7776956118297176 0
578 1.760217124027743 0.6191640732772674 0
579 1.458126078914915 0.942636270259993 0
580 -1.453408980691262 0.1999707913028188 0
581 0.1977087892494053 2.502515686114189 0
582 0.2382798961106072 2.402436935996998 0
583 -0.6504644446667724 1.906641986358597 0
584 -1.34994748721338 1.051530050342271 0
585 -0.8476331065949235 1.745514875025266 0
586 -1.702595930929223 0.6402174817108091 0
587 -1.604245328962338 0.6388184813367022 0
588 -1.652251178609949 0.7246468322920829 0
589 -1.313315650761542 1.149089429847813 0
590 0.1111594206113834 0.1827193002382017 0
591 -1.306643030116301 0.1209386748984261 0
592 0.5300592607186998 2.063210752593506 0
593 0.5737285983353906 1.974583627288932 0
594 0.4805295267766639 2.14799846496452 0
595 -0.1896813070221824 2.504397482683118 0
596 -1.00727868080283 0.1166327325264589 0
597 0.5140507026090896 0.1820554178502652 0
598 1.852983018652293 0.6008811201481596 0
599 2.048670177315723 0.2646249326126457 0
600 0.908511450597621 0.1775502242297731 0
601 0.2905876895731071 2.4851885006092 0
602 0.6369370996719173 2.062760420268098 0
603 -1.709073429956148 0.8120842312095582 0
604 -1.602748998401998 0.8075700504556894 0
605 0.4105911492433991 0.1842426080969577 0
606 0.7667991215329367 1.464697214215575 0
607 1.50296655126966 0.1737662825700834 0
608 1.604370276727427 0.1742064094128759 0
609 1.214913718217618 1.032396506850379 0
610 1.264989620754899 1.113441907431977 0
611 1.362983924257008 1.110241233408525 0
612 0.07915124321270176 2.664709001369307 0
613 0.5734665601332618 1.467097192033868 0
614 -0.6944748549619728 1.81865855400193 0
615 -0.7472944905358951 1.890954491090183 0
616 -0.6085275148148631 1.999487450558385 0
617 -0.6499206382832489 1.733758257529283 0
618 0.3542670977662359 0.09656723887385865 0
619 0.3756052679829303 1.468912396614248 0
620 1.589488570320967 0.8658314634995901 0
621 -0.604287305273393 1.647523410273594 0
622 0.5254254034296151 2.236751275407177 0
623 0.4286321138917769 2.229084981444354 0
624 -0.7055016525841596 1.479817988412898 0
625 -1.553331417248125 0.7232293261756333 0
626 -1.202419644359771 1.145246906628659 0
627 -0.2108919269681984 1.474856191035265 0
628 1.65542590340324 0.6048375530536074 0
629 -1.50493748449616 0.6376550620469169 0
630 -0.1072812085677036 2.648470758494204 0
631 0.6127241525921958 0.1797326653162721 0
632 1.850759196004677 0.08674052496792928 0
633 -0.261561551783723 1.390319864081851 0
634 -2.050095722949357 0.08538688792961391 0
635 -2.000313381351738 0.1724157919257083 0
636 -1.900872149851102 0.1727635665955514 0
637 -1.950236822190084 0.2584221598304804 0
638 -1.85210965064365 0.2553631808404208 0
639 -1.897193102688268 0.3333250312034828 0
640 -2.048664843709324 0.2646151579421041 0
641 -1.801247173964076 0.1726320222807028 0
642 -1.751043849183048 0.2451921398065835 0
643 0.9536834729658368 0.08928031361220867 0
644 0.3770174251215626 1.298093045681519 0
645 -0.06849384691612768 0.8766408136023985 0
646 -2.117402441586452 0.1765812922198311 0
647 2.11738582750277 0.1765884990055095 0
648 -1.803819714075733 0.4709523509485811 0
649 -1.828941398701194 0.564711444254399 0
650 1.162414531698145 0.949156218501075 0
651 1.112417605990359 0.8645975935497938 0
652 1.84703588805414 0.4308250644373492 0
653 1.166851037514945 1.117677790731609 0
654 1.217186943795159 1.19246316531421 0
655 1.180867309809296 1.291391450419255 0
656 1.069927611683539 1.291411507782592 0
657 1.011785412290181 1.374209323000469 0
658 1.110312191324103 1.384056366972307 0
659 1.28186620679016 1.329151437255448 0
660 1.148671684244501 1.482099960070137 0
661 1.050409274398206 1.467286442293624 0
662 0.9965863030882456 1.547148185657847 0
663 0.9572713897443738 1.460576329860094 0
664 -2.250219611621181 0.0767833912367395 0
665 2.250119767082894 0.07673010163545879 0
666 0.7693015956950542 0.9523049686116162 0
667 -0.1191971111562397 0.7914177061711597 0
668 0.5519695946474298 0.08892342276094034 0
669 0.710097672908184 0.172496286186525 0
670 1.162273230503215 0.7780818226469959 0
671 1.500535237120658 0.8574632099756626 0
672 -1.107614137151704 0.8031801451774525 0
673 -1.057142171198536 0.8879531139088042 0
674 -0.9583441053114852 0.8867467373459499 0
675 -1.397086548594586 0.9690322564324595 0
676 -0.9078018502658158 0.9715159719448425 0
677 1.556540225541037 0.6036275940033097 0
678 -1.453906234364497 0.7222697821763975 0
679 -1.456757501833568 0.5515302129464357 0
680 1.605789279628159 0.5176634203138613 0
681 -1.650111346010307 0.0864778216333788 0
682 -1.701964637780609 0.1669461547553021 0
683 -1.601965635656339 0.1586995022243042 0
684 -1.552979350681862 0.08157518818832521 0
685 -1.153044326649319 1.059700998773899 0
686 -0.7486779537561303 0.08896510168964988 0
687 -0.8019074336829277 0.1760033340327855 0
688 -0.710198400882984 0.1702419826685873 0
689 -0.8223707996271865 0.2758032859345783 0
690 -1.001215146852348 1.313028610175949 0
691 -1.047299945073299 1.397498947366567 0
692 -0.997318365509986 1.481825541857925 0
693 -0.5414255244200248 0.09246729691453415 0
694 -0.5112265384375348 1.13742437019121 0
695 1.211629975373838 0.6915703210680901 0
696 -0.3496406607627205 0.08634329191028245 0
697 -0.2977798063766144 0.1717520828496961 0
698 -0.1998116668846746 0.1728437684791121 0
699 -0.2474817131635033 0.2579364623582299 0
700 -0.14800362421021 0.2611445010218263 0
701 -0.09778400696141933 0.1753150582176244 0
702 -0.1975729832373462 0.3473941127792952 0
703 -0.2854639820710198 0.3550686763745443 0
704 0.006819723676431477 0.1789575336709303 0
705 0.1559942805695257 0.09227822804417074 0
706 -0.3920368640934787 0.1715801923519229 0
707 -0.2636657502082463 1.219898709529779 0
708 -0.06659422352432023 1.217597900289484 0
709 -1.85045954118075 0.0863985289148691 0
710 0.6716691296119832 1.804400465806547 0
711 0.6202351653609078 1.887976711522237 0
712 0.7224839838122663 1.890315987257881 0
713 0.4766399811574931 1.806960115243849 0
714 0.4245703951168697 1.041341201035543 0
715 0.3762488850012961 1.1272779136719 0
716 1.350343826272059 0.08666116124617229 0
717 1.401341214453542 0.1732529431199333 0
718 1.301213629269752 0.1739175369594173 0
719 1.352864566466842 0.2608158161238459 0
720 1.250638032602321 0.08709577417578795 0
721 1.203717728447391 0.1761044957028572 0
722 -1.105122691380624 0.9738300287145186 0
723 -0.6604154395857819 1.053857015086069 0
724 -0.610025521761894 1.138572483575808 0
725 -0.6583550954401007 1.224337246572853 0
726 -0.5616744216120648 1.052666252555392 0
727 -0.6564619461089743 1.394466724260953 0
728 0.03691419968750437 1.896563626998867 0
729 -0.01111848073899849 1.981865853655992 0
730 -0.2959919494839929 2.317481912166921 0
731 1.014093896933498 0.8655338148359971 0
732 0.1348853025400278 1.895480730907116 0
733 -0.1617443565745373 1.559423658258862 0
734 -0.09874255391495297 2.49155050289858 0
735 0.08287661588447555 1.472034280111681 0
736 -0.0479948062754391 0.08852133458167921 0
737 0.2362190124211404 2.233367333335665 0
738 0.3324924928147521 2.06236229874713 0
739 0.7161456137965519 0.5244799868360945 0
740 0.8150007452275632 0.5237085768087217 0
741 0.8674762742302069 0.9516697911990443 0
742 -0.7570307166998728 1.225403474262439 0
743 -0.1587314464325459 1.898840753642831 0
744 0.5253157703353616 1.890695210728394 0
745 -0.05414652830000302 2.405782750351953 0
746 -0.7068911058105823 1.309961341297564 0
747 0.6703938468636045 0.9532786617100504 0
748 -0.559548881195236 1.22323613239806 0
749 0.3787114291469424 1.807997339777605 0
750 -0.2687341402813843 0.707315466730757 0
751 -0.2184868557799503 0.7924552795538604 0
752 -0.2673281086641548 0.8786115935682058 0
753 -0.4495565085081767 2.071646712752433 0
754 0.770356828492148 1.123165194319609 0
755 -0.2511448293612711 2.237132345462108 0
756 -0.1492714327628867 0.08720534329985496 0
757 0.1885200944278826 2.318396235510612 0
758 0.2862098872121992 2.317306452655749 0
759 0.2774432233091827 1.128336680547837 0
760 0.857657701257958 1.628809776972541 0
761 -0.3412980947161642 2.458373412263477 0
762 0.1699619368222267 0.444309308336489 0
763 -0.07038062199658564 0.7051387068372464 0
764 0.6673507184383156 0.6108084276213561 0
765 0.03190619194208701 1.216437400855365 0
766 -0.3604114220443451 1.39137576895398 0
767 -0.2602236700432696 1.560388268635281 0
768 -0.008766928126457005 2.151290642631327 0
769 0.9083561675482192 1.78647559116992 0
770 -0.3661689986591418 0.879608220718523 0
771 -1.006409322349453 0.9726951678450397 0
772 -0.6160670941211165 0.4547073517168636 0
773 -0.665265601470353 0.5412061914057691 0
774 0.5252307980724783 1.21090280589971 0
775 -0.7553838872379532 1.395401190574249 0
776 -1.281143826198312 1.330558906845364 0
777 -1.019272795252622 1.632692340337246 0
778 -1.161046724713376 1.484519083190565 0
779 -0.6140582378421401 0.796993396547535 0
780 -0.9558863402060811 1.057385834619341 0
781 -1.528614945488953 1.042670788489899 0
782 -1.403798094716167 1.183373412263474 0
783 1.522180886523188 1.021057864032662 0
784 0.4252469512137578 1.553284188164751 0
785 0.2161854375320232 0.1851092264637063 0
786 0.08690069137551415 1.980770058593037 0
787 0.181110852809834 1.640686752648487 0
788 -1.355143933838435 0.7210593935972796 0
789 1.404846892514179 0.3468498652135361 0
790 1.012588465222217 0.5218740643510879 0
791 0.4711702856179709 0.7842479195336149 0
792 -1.850625995841867 0.6553080028323328 0
793 -0.1145812026074799 1.303470809061009 0
794 -0.2292562405027887 0.4449470851975077 0
795 -0.09460562456596824 0.3515967421621182 0
796 -1.162936771117248 0.3757070731684258 0
797 1.261572646353153 0.7766316713958806 0
798 1.457948030772779 0.6039654321611476 0
799 -0.5171474618941456 0.6247669591972076 0
800 -1.155709166065526 0.8890865816104907 0
801 -0.05867376494942704 2.067199333805258 0
802 0.7173766312407805 0.6960749619906005 0
803 1.258471508721809 0.4342703832241397 0
804 2.031681759001413 0.435898181553007 0
805 -0.1087677853501662 1.982976421886397 0
806 0.4672557399280984 0.4409957740995023 0
807 0.6633916885968659 0.2648816942320755 0
808 0.4264001565375551 1.212037585623643 0
809 -0.7127222027184558 0.7982265684975169 0
810 0.8685937581351906 1.122288927752626 0
811 -0.2130965555733052 1.304621448772233 0
812 -1.555727549535558 0.5528567715417977 0
813 -0.3064415213568489 1.815803833483552 0
814 -0.9121930491232932 0.6296923485596326 0
815 0.4211016718056296 0.6993116368413157 0
816 -1.503677587485066 0.2972451099021343 0
817 1.654017576978319 0.2599215264421363 0
818 -1.160212078518656 0.547378769139492 0
819 2.152172618024121 0.2808474924876296 0
820 -2.031487598403348 0.4349875053664529 0
821 -0.4543679439476347 1.732664074009592 0
822 1.801798637573214 0.173276375697603 0
823 1.552991757820869 0.08779432978478363 0
824 -2.152179168584333 0.2808465972429706 0
825 -0.3160364965732004 0.9645503449324894 0
826 0.8188769578350152 1.03741962186903 0
827 0.7662251885867333 0.6097917426818695 0
828 0.4166789386418789 0.3554752437635349 0
829 -1.247531995755409 1.231164897747577 0
830 -0.8637269485230314 0.543352646984014 0
831 -0.2063687257138752 1.984206639707187 0
832 -1.111939118519062 0.4610115402888146 0
833 -0.6644257408267589 0.7122513663817038 0
834 0.8651099750738765 0.6090045642494581 0
835 1.156915985588846 0.2636404538500452 0
836 -0.764668302882715 0.5421195715274797 0
837 -0.2173240509463135 0.9634383101823821 0
838 0.3654455203045182 0.2714091751418132 0
839 -0.2563823354704328 1.899986368551379 0
840 -0.6548660153547268 1.563976781271965 0
841 -0.404153301093603 1.816949952995026 0
842 1.702740931271417 0.173819478183081 0
843 0.8097792016365281 0.1774839884251808 0
844 -0.555042868901124 1.563228130498821 0
845 -0.1123193587163543 1.64384742290358 0
846 -1.261461738735671 0.3775344822983286 0
847 0.9137297650663349 0.5228428015153299 0
848 -0.01443633325774736 1.642974326775291 0
849 -0.168907024977159 0.8774939365126345 0
850 0.1319393429527001 1.556582074215359 0
851 -0.5522121955042665 1.733810232690467 0
852 0.3266986928701527 1.384343853431911 0
853 0.9655033849485031 0.9510918806423333 0
854 0.2724648134227878 0.6156551344522205 0
855 0.8636812591739311 0.4374241838597177 0
856 -1.213060672588892 0.2916249228636869 0
857 -0.6158864688634665 0.6262545397394319 0
858 -0.02023508326715156 0.9618213057547118 0
859 0.9158860793557642 0.8658615454437447 0
860 0.912250947627863 0.3511341987062148 0
861 0.4750470196347859 1.467686765604921 0
862 0.07869202004038132 0.9603637063346925 0
863 1.06321307478984 0.7791173381976035 0
864 0.6220229850645314 1.551576462466133 0
865 0.7213099003605855 1.379414990856908 0
866 0.8614670028309254 0.2646683199627695 0
867 -1.158678584877597 0.1953360505521586 0
868 0.1280723136425036 0.8742234775354156 0
869 0.0710582062534422 0.4457243316499562 0
870 0.2263733662542101 0.8729852247814348 0
871 -0.518013724172277 0.4529094533465129 0
872 -0.4227350485953424 0.4532798651250589 0
873 -0.5668024473273632 0.5396961124607511 0
874 0.03435086418863532 1.557437427273002 0
875 1.413515046611382 1.027753580973275 0
876 0.3335792398941402 2.228938690494196 0
877 0.1803964281056425 1.471194359588036 0
878 0.381863602919025 2.145888552775123 0
879 1.651901615691939 0.08718625759871923 0
880 0.2290976222793408 1.385423795996383 0
881 0.2752377976248113 0.7872905230411075 0
882 -0.493296285343635 2.155863528567905 0
883 0.1743149723025853 0.6170099901384883 0
884 0.3230848941513107 0.7008590602307702 0
885 -0.919147251222368 0.2867292063107179 0
886 0.1229650282307626 0.5313162153327236 0
887 -0.547418212033661 2.074464699724472 0
888 1.994548745628501 0.346143418073705 0
889 -1.993186817325675 0.3454359193725645 0
890 1.306059313149064 0.3479989016526021 0
891 -0.02654171875508685 0.4486167433228739 0
892 0.6712769282176044 1.465610235790748 0
893 -0.6544820557800702 2.085487559519662 0
894 1.254942926605373 0.2618746507261414 0
895 0.7666808746961578 1.798733781362153 0
896 1.105849073682509 0.1773497410640297 0
897 1.053721247930018 0.09021967642484141 0
898 -0.2825147275009033 2.536470606250756 0
899 -0.9015783609866967 1.647771163947217 0
900 0.4688214470724017 2.314477656906235 0
901 1.690359277795055 0.684554965446961 0
902 0.8594648274281936 1.466796598911702 0
903 1.033902668593364 1.637627223827801 0
904 -2.350539599458067 0.07154976632554422 0
905 2.350526262790185 0.07154046938052949 0
906 0.7540411556961661 0.08703312199116398 0
907 0.3114699306434635 0.1841544315360321 0
908 0.0008795381984423867 2.749613966644107 0
909 -1.18932584554182 1.314305883431079 0
910 0.1326474677409772 2.588596254591556 0
911 -1.645822098512853 0.8916718672338874 0
912 -0.5289939120350896 2.242334401161066 0
913 0.9059319313372768 1.545466104549772 0
914 1.403228638049395 1.190107819193998 0
915 1.938660610748196 0.4328294824690995 0
916 -1.936083261300643 0.417063476352563 0
917 0.9159878953849332 1.3731281500197 0
918 -1.540127011472333 0.8883074266170615 0
919 -0.1309841572555611 2.565882943056451 0
920 -0.9172514659953972 1.800680035369891 0
921 0.7944887155190095 1.944946828579896 0
922 -0.9306772466392683 0.06727380561916252 0
923 -0.881713350903138 0.2158665343484341 0
924 -0.4850405636881514 0.1771358113656246 0
925 -1.234941001332471 0.07205749731416844 0
926 -0.3395487524357813 0.266587003923588 0
927 -0.3799002776600869 0.3599779539139565 0
928 0.3272158438447765 2.399533989837916 0
929 0.3762083550980005 2.314065870512171 0
930 1.733204627236714 0.8270386402884555 0
931 -0.4710562605738366 2.316807148274613 0
932 -1.132393644864404 1.396267474556787 0
933 0.9432765992061127 1.629238068046773 0
934 0.1621668802603136 2.686288689325232 0
935 1.887774712256574 0.5195197041492772 0
936 -1.84045919753544 0.3985173799680699 0
937 1.312368221413213 1.183541100214927 0
938 -1.883754720065529 0.4931211835442286 0
939 -1.491556871142271 0.9657240285726092 0
940 -0.7756289197157666 1.809820259347937 0
941 1.837676883888443 0.6793258401808593 0
942 -1.70324059022056 0.3148388233606417 0
943 -1.914591448264999 0.5871050593734627 0
944 -0.1706631579602117 2.697427631633514 0
945 -1.798833950615903 0.3232578116116936 0
946 0.6530254673311711 1.962669559656355 0
947 -1.076055114080896 1.478868066071097 0
948 2.290617120166657 0.1469800907033294 0
949 -0.3839712197520146 2.312215051502815 0
950 -2.290692181454872 0.1470329214786403 0
951 -1.550613996535692 0.2243656522307443 0
952 1.671562625921001 0.8838033440290376 0
953 -1.651704408143491 0.2358812512811057 0
954 -1.387250194853727 0.1375070759076494 0
955 0.3654749959762887 2.467017867348673 0
956 0.2741356956401189 2.560350184732797 0
957 -1.443256137382844 1.038909898838177 0
958 0.8895225053024842 1.70819063142393 0
959 1.9304559506181 0.5822331952241692 0
960 -1.519526955094286 0.1515385193407914 0
961 -0.8006930556706537 1.949554064352459 0
962 -1.778250407947539 0.6263451082806317 0
963 -1.0896819366339 0.1340490325990555 0
964 -1.369554149544846 0.07016697198225286 0
965 -1.219053938550737 0.1436003848526473 0
966 -1.019693451498554 1.552120415999757 0
967 -0.3339762827729519 2.383963880897052 0
968 1.270503334337908 1.249220317140157 0
969 -0.6482605658889028 0.2068736504958428 0
970 -2.200000000000001 0.138313482971134 0
971 2.199948624912934 0.1383414541134589 0
972 -0.9022937754204463 0.1413602727449039 0
973 1.533605068876066 0.9283662937819014 0
974 -1.068078782382989 0.06488701356821891 0
975 -1.396314365027433 1.111240063665443 0
976 0.8342609258839685 1.786267565628763 0
$EndNodes
$Elements
1953
1 15 2 0 1 1
2 15 2 0 2 2
3 15 2 0 3 3
4 1 2 0 1 1 4
5 1 2 0 1 4 5
6 1 2 0 1 5 6
7 1 2 0 1 6 7
8 1 2 0 1 7 8
9 1 2 0 1 8 9
10 1 2 0 1 9 10
11 1 2 0 1 10 11
12 1 2 0 1 11 12
13 1 2 0 1 12 13
14 1 2 0 1 13 14
15 1 2 0 1 14 15
16 1 2 0 1 15 16
17 1 2 0 1 16 17
18 1 2 0 1 17 18
19 1 2 0 1 18 19
20 1 2 0 1 19 20
21 1 2 0 1 20 21
22 1 2 0 1 21 22
23 1 2 0 1 22 23
24 1 2 0 1 23 24
25 1 2 0 1 24 25
26 1 2 0 1 25 26
27 1 2 0 1 26 27
28 1 2 0 1 27 28
29 1 2 0 1 28 29
30 1 2 0 1 29 30
31 1 2 0 1 30 31
32 1 2 0 1 31 32
33 1 2 0 1 32 33
34 1 2 0 1 33 34
35 1 2 0 1 34 35
36 1 2 0 1 35 36
37 1 2 0 1 36 37
38 1 2 0 1 37 38
39 1 2 0 1 38 39
40 1 2 0 1 39 40
41 1 2 0 1 40 41
42 1 2 0 1 41 42
43 1 2 0 1 42 3
44 1 2 0 2 3 43
45 1 2 0 2 43 44
46 1 2 0 2 44 45
47 1 2 0 2 45 46
48 1 2 0 2 46 47
49 1 2 0 2 47 48
50 1 2 0 2 48 49
51 1 2 0 2 49 50
52 1 2 0 2 50 51
53 1 2 0 2 51 52
54 1 2 0 2 52 53
55 1 2 0 2 53 54
56 1 2 0 2 54 55
57 1 2 0 2 55 56
58 1 2 0 2 56 57
59 1 2 0 2 57 58
60 1 2 0 2 58 59
61 1 2 0 2 59 60
62 1 2 0 2 60 61
63 1 2 0 2 61 62
64 1 2 0 2 62 63
65 1 2 0 2 63 64
66 1 2 0 2 64 65
67 1 2 0 2 65 66
68 1 2 0 2 66 67
69 1 2 0 2 67 68
70 1 2 0 2 68 69
71 1 2 0 2 69 70
72 1 2 0 2 70 71
73 1 2 0 2 71 72
74 1 2 0 2 72 73
75 1 2 0 2 73 74
76 1 2 0 2 74 75
77 1 2 0 2 75 76
78 1 2 0 2 76 77
79 1 2 0 2 77 78
80 1 2 0 2 78 79
81 1 2 0 2 79 80
82 1 2 0 2 80 81
83 1 2 0 2 81 2
84 1 2 0 3 2 82
85 1 2 0 3 82 83
86 1 2 0 3 83 84
87 1 2 0 3 84 85
88 1 2 0 3 85 86
89 1 2 0 3 86 87
90 1 2 0 3 87 88
91 1 2 0 3 88 89
92 1 2 0 3 89 90
93 1 2 0 3 90 91
94 1 2 0 3 91 92
95 1 2 0 3 92 93
96 1 2 0 3 93 94
97 1 2 0 3 94 95
98 1 2 0 3 95 96
99 1 2 0 3 96 97
100 1 2 0 3 97 98
101 1 2 0 3 98 99
102 1 2 0 3 99 100
103 1 2 0 3 100 101
104 1 2 0 3 101 102
105 1 2 0 3 102 103
106 1 2 0 3 103 104
107 1 2 0 3 104 105
108 1 2 0 3 105 106
109 1 2 0 3 106 107
110 1 2 0 3 107 108
111 1 2 0 3 108 109
112 1 2 0 3 109 110
113 1 2 0 3 110 111
114 1 2 0 3 111 112
115 1 2 0 3 112 113
116 1 2 0 3 113 114
117 1 2 0 3 114 115
118 1 2 0 3 115 116
119 1 2 0 3 116 117
120 1 2 0 3 117 118
121 1 2 0 3 118 119
122 1 2 0 3 119 120
123 1 2 0 3 120 121
124 1 2 0 3 121 122
125 1 2 0 3 122 123
126 1 2 0 3 123 124
127 1 2 0 3 124 125
128 1 2 0 3 125 126
129 1 2 0 3 126 127
130 1 2 0 3 127 128
131 1 2 0 3 128 129
132 1 2 0 3 129 130
133 1 2 0 3 130 1
134 2 2 0 1 464 688 687
135 2 2 0 1 687 689 464
136 2 2 0 1 54 602 53
137 2 2 0 1 560 924 501
138 2 2 0 1 777 899 571
139 2 2 0 1 174 182 44
140 2 2 0 1 41 182 179
141 2 2 0 1 576 693 160
142 2 2 0 1 166 899 777
143 2 2 0 1 160 969 576
144 2 2 0 1 152 588 586
145 2 2 0 1 153 941 578
146 2 2 0 1 761 898 556
147 2 2 0 1 578 901 153
148 2 2 0 1 575 630 179
149 2 2 0 1 179 908 575
150 2 2 0 1 556 898 595
151 2 2 0 1 655 658 169
152 2 2 0 1 647 819 180
153 2 2 0 1 181 824 646
154 2 2 0 1 612 908 174
155 2 2 0 1 575 908 612
156 2 2 0 1 910 934 154
157 2 2 0 1 706 924 560
158 2 2 0 1 612 934 910
159 2 2 0 1 43 182 42
160 2 2 0 1 169 659 655
161 2 2 0 1 165 616 583
162 2 2 0 1 795 891 562
163 2 2 0 1 358 794 703
164 2 2 0 1 563 701 700
165 2 2 0 1 703 794 702
166 2 2 0 1 153 901 577
167 2 2 0 1 152 603 588
168 2 2 0 1 42 182 41
169 2 2 0 1 44 182 43
170 2 2 0 1 577 930 153
171 2 2 0 1 702 794 355
172 2 2 0 1 583 615 165
173 2 2 0 1 560 927 926
174 2 2 0 1 926 927 703
175 2 2 0 1 355 795 702
176 2 2 0 1 53 602 138
177 2 2 0 1 164 602 54
178 2 2 0 1 64 659 63
179 2 2 0 1 132 704 590
180 2 2 0 1 646 824 640
181 2 2 0 1 599 819 647
182 2 2 0 1 542 616 541
183 2 2 0 1 579 875 783
184 2 2 0 1 589 782 139
185 2 2 0 1 43 42 3
186 2 2 0 1 630 919 157
187 2 2 0 1 577 952 930
188 2 2 0 1 928 929 758
189 2 2 0 1 620 952 577
190 2 2 0 1 157 944 630
191 2 2 0 1 592 594 138
192 2 2 0 1 103 618 102
193 2 2 0 1 785 907 163
194 2 2 0 1 590 704 522
195 2 2 0 1 154 956 581
196 2 2 0 1 563 704 701
197 2 2 0 1 133 895 712
198 2 2 0 1 581 910 154
199 2 2 0 1 911 918 604
200 2 2 0 1 688 969 160
201 2 2 0 1 583 616 542
202 2 2 0 1 138 602 592
203 2 2 0 1 148 929 928
204 2 2 0 1 139 829 589
205 2 2 0 1 355 891 795
206 2 2 0 1 712 921 133
207 2 2 0 1 131 940 585
208 2 2 0 1 163 907 618
209 2 2 0 1 700 795 563
210 2 2 0 1 585 920 131
211 2 2 0 1 182 908 179
212 2 2 0 1 669 807 503
213 2 2 0 1 144 918 911
214 2 2 0 1 174 908 182
215 2 2 0 1 62 660 61
216 2 2 0 1 585 899 166
217 2 2 0 1 567 625 604
218 2 2 0 1 783 875 171
219 2 2 0 1 902 917 364
220 2 2 0 1 590 705 132
221 2 2 0 1 563 795 562
222 2 2 0 1 658 661 660
223 2 2 0 1 657 661 658
224 2 2 0 1 63 659 169
225 2 2 0 1 140 659 64
226 2 2 0 1 158 943 938
227 2 2 0 1 166 920 585
228 2 2 0 1 573 972 596
229 2 2 0 1 586 962 152
230 2 2 0 1 595 898 157
231 2 2 0 1 661 663 662
232 2 2 0 1 164 921 712
233 2 2 0 1 163 618 103
234 2 2 0 1 663 913 662
235 2 2 0 1 646 970 181
236 2 2 0 1 180 971 647
237 2 2 0 1 522 704 563
238 2 2 0 1 705 785 163
239 2 2 0 1 143 906 843
240 2 2 0 1 580 954 150
241 2 2 0 1 130 1 4
242 2 2 0 1 2 82 81
243 2 2 0 1 712 946 164
244 2 2 0 1 596 972 922
245 2 2 0 1 150 960 580
246 2 2 0 1 938 943 649
247 2 2 0 1 135 605 597
248 2 2 0 1 591 925 119
249 2 2 0 1 600 643 143
250 2 2 0 1 887 893 141
251 2 2 0 1 102 618 135
252 2 2 0 1 143 643 97
253 2 2 0 1 157 919 595
254 2 2 0 1 640 824 172
255 2 2 0 1 173 819 599
256 2 2 0 1 594 622 138
257 2 2 0 1 597 668 135
258 2 2 0 1 501 924 576
259 2 2 0 1 391 689 389
260 2 2 0 1 951 953 422
261 2 2 0 1 590 785 705
262 2 2 0 1 464 689 391
263 2 2 0 1 663 917 902
264 2 2 0 1 652 935 915
265 2 2 0 1 34 931 912
266 2 2 0 1 631 807 669
267 2 2 0 1 162 668 631
268 2 2 0 1 843 906 669
269 2 2 0 1 119 964 591
270 2 2 0 1 683 953 951
271 2 2 0 1 61 660 137
272 2 2 0 1 169 660 62
273 2 2 0 1 503 843 669
274 2 2 0 1 631 668 597
275 2 2 0 1 616 887 541
276 2 2 0 1 616 893 887
277 2 2 0 1 942 945 421
278 2 2 0 1 96 897 95
279 2 2 0 1 596 922 116
280 2 2 0 1 604 918 567
281 2 2 0 1 867 963 146
282 2 2 0 1 604 625 588
283 2 2 0 1 717 719 470
284 2 2 0 1 425 861 613
285 2 2 0 1 592 602 593
286 2 2 0 1 196 789 197
287 2 2 0 1 143 843 600
288 2 2 0 1 97 643 96
289 2 2 0 1 607 717 470
290 2 2 0 1 599 888 173
291 2 2 0 1 151 717 607
292 2 2 0 1 172 889 640
293 2 2 0 1 776 829 139
294 2 2 0 1 15 603 14
295 2 2 0 1 644 852 469
296 2 2 0 1 14 603 152
297 2 2 0 1 105 705 104
298 2 2 0 1 613 861 530
299 2 2 0 1 721 894 718
300 2 2 0 1 642 945 942
301 2 2 0 1 614 617 564
302 2 2 0 1 146 965 867
303 2 2 0 1 607 823 151
304 2 2 0 1 469 852 619
305 2 2 0 1 564 617 510
306 2 2 0 1 452 654 653
307 2 2 0 1 151 823 91
308 2 2 0 1 658 660 169
309 2 2 0 1 704 736 701
310 2 2 0 1 416 656 417
311 2 2 0 1 656 658 655
312 2 2 0 1 452 653 419
313 2 2 0 1 132 736 704
314 2 2 0 1 144 939 918
315 2 2 0 1 578 941 598
316 2 2 0 1 526 650 524
317 2 2 0 1 526 651 650
318 2 2 0 1 915 935 159
319 2 2 0 1 598 941 73
320 2 2 0 1 321 892 865
321 2 2 0 1 621 851 353
322 2 2 0 1 719 789 470
323 2 2 0 1 452 655 654
324 2 2 0 1 670 797 695
325 2 2 0 1 643 897 96
326 2 2 0 1 783 973 579
327 2 2 0 1 416 657 656
328 2 2 0 1 702 795 700
329 2 2 0 1 197 789 200
330 2 2 0 1 617 621 510
331 2 2 0 1 470 789 196
332 2 2 0 1 869 886 762
333 2 2 0 1 104 705 163
334 2 2 0 1 165 893 616
335 2 2 0 1 132 705 105
336 2 2 0 1 912 931 574
337 2 2 0 1 398 852 644
338 2 2 0 1 617 851 621
339 2 2 0 1 171 875 611
340 2 2 0 1 567 678 625
341 2 2 0 1 434 653 609
342 2 2 0 1 776 909 829
343 2 2 0 1 609 650 434
344 2 2 0 1 642 682 641
345 2 2 0 1 603 604 588
346 2 2 0 1 135 618 605
347 2 2 0 1 840 844 336
348 2 2 0 1 526 670 651
349 2 2 0 1 527 626 529
350 2 2 0 1 417 656 452
351 2 2 0 1 625 678 629
352 2 2 0 1 524 650 609
353 2 2 0 1 576 924 693
354 2 2 0 1 419 653 434
355 2 2 0 1 641 682 155
356 2 2 0 1 90 879 89
357 2 2 0 1 876 878 412
358 2 2 0 1 364 865 606
359 2 2 0 1 469 861 425
360 2 2 0 1 629 678 354
361 2 2 0 1 458 685 448
362 2 2 0 1 101 668 100
363 2 2 0 1 209 863 208
364 2 2 0 1 52 622 51
365 2 2 0 1 526 797 670
366 2 2 0 1 138 622 52
367 2 2 0 1 689 885 389
368 2 2 0 1 91 823 90
369 2 2 0 1 116 974 596
370 2 2 0 1 627 767 733
371 2 2 0 1 733 767 295
372 2 2 0 1 628 677 511
373 2 2 0 1 746 775 727
374 2 2 0 1 670 695 208
375 2 2 0 1 628 680 677
376 2 2 0 1 528 771 722
377 2 2 0 1 336 727 624
378 2 2 0 1 835 894 721
379 2 2 0 1 781 939 144
380 2 2 0 1 530 864 613
381 2 2 0 1 397 880 398
382 2 2 0 1 377 767 627
383 2 2 0 1 621 844 840
384 2 2 0 1 471 746 727
385 2 2 0 1 479 766 633
386 2 2 0 1 627 633 377
387 2 2 0 1 667 849 645
388 2 2 0 1 156 822 632
389 2 2 0 1 155 709 641
390 2 2 0 1 727 775 624
391 2 2 0 1 633 766 377
392 2 2 0 1 624 840 336
393 2 2 0 1 725 746 471
394 2 2 0 1 527 685 626
395 2 2 0 1 619 861 469
396 2 2 0 1 354 679 629
397 2 2 0 1 156 632 88
398 2 2 0 1 398 644 531
399 2 2 0 1 665 905 83
400 2 2 0 1 100 668 162
401 2 2 0 1 631 669 162
402 2 2 0 1 135 668 101
403 2 2 0 1 479 811 707
404 2 2 0 1 626 685 458
405 2 2 0 1 589 829 626
406 2 2 0 1 633 811 479
407 2 2 0 1 685 722 448
408 2 2 0 1 645 849 243
409 2 2 0 1 471 748 725
410 2 2 0 1 677 680 198
411 2 2 0 1 865 892 606
412 2 2 0 1 129 904 664
413 2 2 0 1 442 836 773
414 2 2 0 1 528 722 685
415 2 2 0 1 644 808 531
416 2 2 0 1 531 808 715
417 2 2 0 1 594 623 622
418 2 2 0 1 535 874 735
419 2 2 0 1 657 658 656
420 2 2 0 1 722 771 673
421 2 2 0 1 452 656 655
422 2 2 0 1 626 829 529
423 2 2 0 1 353 844 621
424 2 2 0 1 175 184 183
425 2 2 0 1 634 635 176
426 2 2 0 1 725 748 724
427 2 2 0 1 88 632 87
428 2 2 0 1 208 863 670
429 2 2 0 1 882 887 141
430 2 2 0 1 599 647 184
431 2 2 0 1 635 646 640
432 2 2 0 1 854 884 401
433 2 2 0 1 464 969 688
434 2 2 0 1 213 859 212
435 2 2 0 1 128 664 177
436 2 2 0 1 560 926 706
437 2 2 0 1 634 646 635
438 2 2 0 1 184 647 183
439 2 2 0 1 175 183 86
440 2 2 0 1 126 634 176
441 2 2 0 1 733 845 550
442 2 2 0 1 660 661 137
443 2 2 0 1 338 886 869
444 2 2 0 1 477 751 667
445 2 2 0 1 156 842 822
446 2 2 0 1 694 726 724
447 2 2 0 1 581 956 601
448 2 2 0 1 724 748 694
449 2 2 0 1 773 836 552
450 2 2 0 1 821 841 293
451 2 2 0 1 823 879 90
452 2 2 0 1 845 848 550
453 2 2 0 1 147 721 720
454 2 2 0 1 124 709 155
455 2 2 0 1 648 649 476
456 2 2 0 1 636 709 176
457 2 2 0 1 657 663 661
458 2 2 0 1 715 759 531
459 2 2 0 1 147 720 94
460 2 2 0 1 407 812 679
461 2 2 0 1 813 839 297
462 2 2 0 1 228 759 715
463 2 2 0 1 177 646 634
464 2 2 0 1 183 647 178
465 2 2 0 1 178 665 84
466 2 2 0 1 641 709 636
467 2 2 0 1 666 826 741
468 2 2 0 1 679 812 629
469 2 2 0 1 711 744 593
470 2 2 0 1 189 652 188
471 2 2 0 1 348 679 354
472 2 2 0 1 420 648 476
473 2 2 0 1 667 763 477
474 2 2 0 1 350 679 348
475 2 2 0 1 666 747 488
476 2 2 0 1 441 744 711
477 2 2 0 1 741 826 474
478 2 2 0 1 635 637 636
479 2 2 0 1 230 868 862
480 2 2 0 1 199 798 198
481 2 2 0 1 185 186 184
482 2 2 0 1 260 674 258
483 2 2 0 1 672 800 673
484 2 2 0 1 198 798 677
485 2 2 0 1 85 183 178
486 2 2 0 1 177 634 127
487 2 2 0 1 683 684 681
488 2 2 0 1 635 640 637
489 2 2 0 1 751 849 667
490 2 2 0 1 186 599 184
491 2 2 0 1 579 671 455
492 2 2 0 1 674 676 258
493 2 2 0 1 354 788 345
494 2 2 0 1 129 664 128
495 2 2 0 1 681 684 122
496 2 2 0 1 736 756 701
497 2 2 0 1 645 858 554
498 2 2 0 1 623 878 876
499 2 2 0 1 85 178 84
500 2 2 0 1 128 177 127
501 2 2 0 1 175 185 184
502 2 2 0 1 533 765 708
503 2 2 0 1 729 786 728
504 2 2 0 1 635 636 176
505 2 2 0 1 609 653 610
506 2 2 0 1 437 752 751
507 2 2 0 1 678 788 354
508 2 2 0 1 653 654 610
509 2 2 0 1 376 690 459
510 2 2 0 1 672 673 264
511 2 2 0 1 480 786 729
512 2 2 0 1 578 598 548
513 2 2 0 1 447 675 584
514 2 2 0 1 690 691 459
515 2 2 0 1 187 188 186
516 2 2 0 1 707 811 242
517 2 2 0 1 407 679 350
518 2 2 0 1 265 672 264
519 2 2 0 1 673 771 674
520 2 2 0 1 457 548 192
521 2 2 0 1 155 682 681
522 2 2 0 1 637 639 638
523 2 2 0 1 477 763 332
524 2 2 0 1 420 476 453
525 2 2 0 1 457 578 548
526 2 2 0 1 555 691 690
527 2 2 0 1 713 744 441
528 2 2 0 1 473 671 620
529 2 2 0 1 437 751 750
530 2 2 0 1 95 897 147
531 2 2 0 1 716 717 151
532 2 2 0 1 87 632 175
533 2 2 0 1 708 765 236
534 2 2 0 1 420 453 409
535 2 2 0 1 217 747 666
536 2 2 0 1 257 676 268
537 2 2 0 1 94 720 93
538 2 2 0 1 476 586 453
539 2 2 0 1 455 671 454
540 2 2 0 1 87 175 86
541 2 2 0 1 126 176 125
542 2 2 0 1 84 665 83
543 2 2 0 1 212 859 731
544 2 2 0 1 421 648 420
545 2 2 0 1 203 695 329
546 2 2 0 1 430 742 725
547 2 2 0 1 250 770 270
548 2 2 0 1 247 726 694
549 2 2 0 1 198 680 195
550 2 2 0 1 621 840 510
551 2 2 0 1 374 690 376
552 2 2 0 1 295 845 733
553 2 2 0 1 479 707 281
554 2 2 0 1 92 716 151
555 2 2 0 1 281 707 244
556 2 2 0 1 696 706 697
557 2 2 0 1 673 800 722
558 2 2 0 1 185 187 186
559 2 2 0 1 410 420 409
560 2 2 0 1 134 706 696
561 2 2 0 1 264 674 260
562 2 2 0 1 249 726 247
563 2 2 0 1 686 688 160
564 2 2 0 1 543 841 821
565 2 2 0 1 258 676 257
566 2 2 0 1 228 715 714
567 2 2 0 1 367 454 366
568 2 2 0 1 473 620 577
569 2 2 0 1 718 719 717
570 2 2 0 1 242 793 708
571 2 2 0 1 473 577 511
572 2 2 0 1 460 692 571
573 2 2 0 1 454 671 473
574 2 2 0 1 858 862 554
575 2 2 0 1 446 675 447
576 2 2 0 1 155 681 123
577 2 2 0 1 329 366 202
578 2 2 0 1 724 726 723
579 2 2 0 1 223 714 313
580 2 2 0 1 113 686 160
581 2 2 0 1 329 367 366
582 2 2 0 1 272 750 274
583 2 2 0 1 495 579 455
584 2 2 0 1 367 455 454
585 2 2 0 1 713 749 545
586 2 2 0 1 89 156 88
587 2 2 0 1 124 155 123
588 2 2 0 1 193 457 192
589 2 2 0 1 107 756 736
590 2 2 0 1 637 638 636
591 2 2 0 1 192 652 189
592 2 2 0 1 313 714 478
593 2 2 0 1 843 866 600
594 2 2 0 1 111 693 134
595 2 2 0 1 801 805 481
596 2 2 0 1 344 370 346
597 2 2 0 1 586 588 587
598 2 2 0 1 528 780 771
599 2 2 0 1 437 750 272
600 2 2 0 1 127 634 126
601 2 2 0 1 86 183 85
602 2 2 0 1 370 446 371
603 2 2 0 1 191 192 189
604 2 2 0 1 430 723 261
605 2 2 0 1 305 732 309
606 2 2 0 1 344 346 275
607 2 2 0 1 134 696 110
608 2 2 0 1 370 371 346
609 2 2 0 1 610 611 525
610 2 2 0 1 454 473 472
611 2 2 0 1 716 718 717
612 2 2 0 1 682 683 681
613 2 2 0 1 121 684 150
614 2 2 0 1 771 780 676
615 2 2 0 1 142 687 686
616 2 2 0 1 408 409 407
617 2 2 0 1 446 447 371
618 2 2 0 1 691 692 459
619 2 2 0 1 147 896 721
620 2 2 0 1 566 675 446
621 2 2 0 1 447 584 458
622 2 2 0 1 796 832 394
623 2 2 0 1 203 329 202
624 2 2 0 1 261 723 255
625 2 2 0 1 208 695 205
626 2 2 0 1 584 589 458
627 2 2 0 1 742 746 725
628 2 2 0 1 201 202 199
629 2 2 0 1 548 652 192
630 2 2 0 1 248 770 250
631 2 2 0 1 475 566 446
632 2 2 0 1 205 695 203
633 2 2 0 1 197 198 195
634 2 2 0 1 661 662 137
635 2 2 0 1 309 732 378
636 2 2 0 1 459 692 460
637 2 2 0 1 275 672 265
638 2 2 0 1 276 344 275
639 2 2 0 1 342 374 343
640 2 2 0 1 696 697 161
641 2 2 0 1 539 839 813
642 2 2 0 1 246 694 282
643 2 2 0 1 315 317 316
644 2 2 0 1 456 495 455
645 2 2 0 1 430 724 723
646 2 2 0 1 714 715 478
647 2 2 0 1 697 699 698
648 2 2 0 1 699 702 700
649 2 2 0 1 283 766 479
650 2 2 0 1 217 666 216
651 2 2 0 1 729 805 801
652 2 2 0 1 257 268 261
653 2 2 0 1 268 342 269
654 2 2 0 1 317 319 318
655 2 2 0 1 488 747 314
656 2 2 0 1 342 343 269
657 2 2 0 1 106 736 132
658 2 2 0 1 524 525 495
659 2 2 0 1 400 504 444
660 2 2 0 1 317 318 316
661 2 2 0 1 505 554 504
662 2 2 0 1 348 354 345
663 2 2 0 1 545 744 713
664 2 2 0 1 730 755 565
665 2 2 0 1 286 727 336
666 2 2 0 1 315 316 314
667 2 2 0 1 187 189 188
668 2 2 0 1 374 376 343
669 2 2 0 1 257 261 255
670 2 2 0 1 529 555 449
671 2 2 0 1 313 315 314
672 2 2 0 1 340 754 318
673 2 2 0 1 527 529 449
674 2 2 0 1 698 756 161
675 2 2 0 1 319 339 318
676 2 2 0 1 314 747 222
677 2 2 0 1 609 610 525
678 2 2 0 1 457 680 628
679 2 2 0 1 687 688 686
680 2 2 0 1 268 269 261
681 2 2 0 1 121 150 120
682 2 2 0 1 92 151 91
683 2 2 0 1 176 709 125
684 2 2 0 1 430 725 724
685 2 2 0 1 207 208 205
686 2 2 0 1 553 832 796
687 2 2 0 1 439 710 515
688 2 2 0 1 673 674 264
689 2 2 0 1 337 400 365
690 2 2 0 1 93 716 92
691 2 2 0 1 330 477 332
692 2 2 0 1 318 754 316
693 2 2 0 1 513 734 538
694 2 2 0 1 223 313 222
695 2 2 0 1 215 216 213
696 2 2 0 1 410 421 420
697 2 2 0 1 373 713 441
698 2 2 0 1 406 407 350
699 2 2 0 1 339 364 362
700 2 2 0 1 142 686 114
701 2 2 0 1 701 756 698
702 2 2 0 1 118 146 117
703 2 2 0 1 95 147 94
704 2 2 0 1 246 281 244
705 2 2 0 1 536 733 550
706 2 2 0 1 252 726 249
707 2 2 0 1 244 707 240
708 2 2 0 1 404 762 561
709 2 2 0 1 739 740 438
710 2 2 0 1 284 748 471
711 2 2 0 1 225 714 223
712 2 2 0 1 256 257 255
713 2 2 0 1 221 222 219
714 2 2 0 1 282 748 284
715 2 2 0 1 699 703 702
716 2 2 0 1 376 459 429
717 2 2 0 1 375 449 374
718 2 2 0 1 417 452 419
719 2 2 0 1 235 397 312
720 2 2 0 1 362 416 363
721 2 2 0 1 460 571 507
722 2 2 0 1 697 698 161
723 2 2 0 1 728 786 732
724 2 2 0 1 211 212 209
725 2 2 0 1 447 458 448
726 2 2 0 1 320 321 319
727 2 2 0 1 282 283 281
728 2 2 0 1 160 693 112
729 2 2 0 1 231 232 229
730 2 2 0 1 459 460 429
731 2 2 0 1 267 275 265
732 2 2 0 1 504 557 444
733 2 2 0 1 699 700 698
734 2 2 0 1 442 773 772
735 2 2 0 1 399 431 397
736 2 2 0 1 233 235 232
737 2 2 0 1 246 282 281
738 2 2 0 1 313 314 222
739 2 2 0 1 227 228 225
740 2 2 0 1 341 749 713
741 2 2 0 1 473 511 472
742 2 2 0 1 238 708 236
743 2 2 0 1 400 444 365
744 2 2 0 1 303 732 305
745 2 2 0 1 425 613 321
746 2 2 0 1 240 242 238
747 2 2 0 1 286 336 287
748 2 2 0 1 122 684 121
749 2 2 0 1 505 645 554
750 2 2 0 1 565 755 483
751 2 2 0 1 284 286 285
752 2 2 0 1 397 398 312
753 2 2 0 1 400 505 504
754 2 2 0 1 412 738 379
755 2 2 0 1 109 696 161
756 2 2 0 1 286 287 285
757 2 2 0 1 115 142 114
758 2 2 0 1 98 143 97
759 2 2 0 1 284 285 283
760 2 2 0 1 228 714 225
761 2 2 0 1 282 284 283
762 2 2 0 1 694 748 282
763 2 2 0 1 536 550 535
764 2 2 0 1 242 811 793
765 2 2 0 1 475 567 566
766 2 2 0 1 287 289 288
767 2 2 0 1 255 723 252
768 2 2 0 1 193 680 457
769 2 2 0 1 509 585 564
770 2 2 0 1 215 217 216
771 2 2 0 1 219 747 217
772 2 2 0 1 400 763 505
773 2 2 0 1 113 160 112
774 2 2 0 1 534 535 432
775 2 2 0 1 454 472 366
776 2 2 0 1 100 162 99
777 2 2 0 1 676 780 268
778 2 2 0 1 513 745 734
779 2 2 0 1 269 742 430
780 2 2 0 1 123 681 122
781 2 2 0 1 627 733 536
782 2 2 0 1 360 739 438
783 2 2 0 1 221 223 222
784 2 2 0 1 231 233 232
785 2 2 0 1 750 751 477
786 2 2 0 1 370 475 446
787 2 2 0 1 289 291 290
788 2 2 0 1 274 750 330
789 2 2 0 1 291 293 292
790 2 2 0 1 711 712 710
791 2 2 0 1 235 399 397
792 2 2 0 1 441 710 439
793 2 2 0 1 505 763 667
794 2 2 0 1 373 441 439
795 2 2 0 1 227 229 228
796 2 2 0 1 240 707 242
797 2 2 0 1 111 134 110
798 2 2 0 1 339 362 340
799 2 2 0 1 545 749 356
800 2 2 0 1 313 478 315
801 2 2 0 1 390 836 442
802 2 2 0 1 289 353 291
803 2 2 0 1 263 264 260
804 2 2 0 1 298 743 302
805 2 2 0 1 235 312 232
806 2 2 0 1 312 759 232
807 2 2 0 1 441 711 710
808 2 2 0 1 376 429 428
809 2 2 0 1 102 135 101
810 2 2 0 1 341 713 373
811 2 2 0 1 191 193 192
812 2 2 0 1 531 759 312
813 2 2 0 1 432 735 431
814 2 2 0 1 247 694 246
815 2 2 0 1 356 749 307
816 2 2 0 1 399 432 431
817 2 2 0 1 484 753 506
818 2 2 0 1 201 203 202
819 2 2 0 1 413 738 547
820 2 2 0 1 383 757 737
821 2 2 0 1 109 161 108
822 2 2 0 1 253 255 252
823 2 2 0 1 323 764 325
824 2 2 0 1 457 628 578
825 2 2 0 1 460 507 467
826 2 2 0 1 535 735 432
827 2 2 0 1 534 536 535
828 2 2 0 1 346 672 275
829 2 2 0 1 104 163 103
830 2 2 0 1 515 568 516
831 2 2 0 1 728 732 303
832 2 2 0 1 197 199 198
833 2 2 0 1 242 708 238
834 2 2 0 1 93 720 716
835 2 2 0 1 270 770 437
836 2 2 0 1 107 736 106
837 2 2 0 1 586 587 453
838 2 2 0 1 332 763 337
839 2 2 0 1 471 727 286
840 2 2 0 1 449 690 374
841 2 2 0 1 106 132 105
842 2 2 0 1 379 738 357
843 2 2 0 1 297 743 298
844 2 2 0 1 416 417 363
845 2 2 0 1 317 320 319
846 2 2 0 1 409 812 407
847 2 2 0 1 300 728 303
848 2 2 0 1 708 793 533
849 2 2 0 1 211 213 212
850 2 2 0 1 276 345 344
851 2 2 0 1 235 765 399
852 2 2 0 1 507 509 508
853 2 2 0 1 289 290 288
854 2 2 0 1 367 456 455
855 2 2 0 1 293 294 292
856 2 2 0 1 588 625 587
857 2 2 0 1 399 765 533
858 2 2 0 1 294 297 296
859 2 2 0 1 342 375 374
860 2 2 0 1 547 592 546
861 2 2 0 1 207 209 208
862 2 2 0 1 320 425 321
863 2 2 0 1 509 564 510
864 2 2 0 1 291 292 290
865 2 2 0 1 357 413 356
866 2 2 0 1 439 515 440
867 2 2 0 1 309 356 307
868 2 2 0 1 283 479 281
869 2 2 0 1 373 439 393
870 2 2 0 1 298 302 300
871 2 2 0 1 375 527 449
872 2 2 0 1 114 686 113
873 2 2 0 1 357 738 413
874 2 2 0 1 229 759 228
875 2 2 0 1 256 258 257
876 2 2 0 1 305 309 307
877 2 2 0 1 757 758 737
878 2 2 0 1 413 547 546
879 2 2 0 1 456 524 495
880 2 2 0 1 428 746 742
881 2 2 0 1 302 729 728
882 2 2 0 1 614 615 583
883 2 2 0 1 251 252 249
884 2 2 0 1 245 246 244
885 2 2 0 1 309 357 356
886 2 2 0 1 287 288 285
887 2 2 0 1 381 737 412
888 2 2 0 1 112 693 111
889 2 2 0 1 462 745 395
890 2 2 0 1 110 696 109
891 2 2 0 1 695 797 329
892 2 2 0 1 524 609 525
893 2 2 0 1 297 298 296
894 2 2 0 1 547 594 592
895 2 2 0 1 380 381 379
896 2 2 0 1 325 764 335
897 2 2 0 1 378 379 357
898 2 2 0 1 236 765 233
899 2 2 0 1 305 307 306
900 2 2 0 1 666 741 216
901 2 2 0 1 413 546 545
902 2 2 0 1 341 373 372
903 2 2 0 1 720 721 718
904 2 2 0 1 269 430 261
905 2 2 0 1 202 798 199
906 2 2 0 1 308 749 341
907 2 2 0 1 362 363 340
908 2 2 0 1 544 583 542
909 2 2 0 1 395 745 386
910 2 2 0 1 487 753 484
911 2 2 0 1 241 244 240
912 2 2 0 1 239 240 238
913 2 2 0 1 723 726 252
914 2 2 0 1 381 412 379
915 2 2 0 1 408 410 409
916 2 2 0 1 506 565 483
917 2 2 0 1 237 238 236
918 2 2 0 1 302 728 300
919 2 2 0 1 447 448 371
920 2 2 0 1 360 438 424
921 2 2 0 1 382 383 381
922 2 2 0 1 478 774 315
923 2 2 0 1 506 574 565
924 2 2 0 1 734 745 462
925 2 2 0 1 337 365 338
926 2 2 0 1 376 428 343
927 2 2 0 1 380 382 381
928 2 2 0 1 335 739 360
929 2 2 0 1 715 808 478
930 2 2 0 1 332 337 333
931 2 2 0 1 541 753 487
932 2 2 0 1 484 506 483
933 2 2 0 1 222 747 219
934 2 2 0 1 267 276 275
935 2 2 0 1 263 265 264
936 2 2 0 1 384 385 383
937 2 2 0 1 483 755 436
938 2 2 0 1 378 380 379
939 2 2 0 1 522 562 521
940 2 2 0 1 308 341 311
941 2 2 0 1 537 627 536
942 2 2 0 1 386 745 411
943 2 2 0 1 234 236 233
944 2 2 0 1 589 626 458
945 2 2 0 1 230 231 229
946 2 2 0 1 415 762 404
947 2 2 0 1 382 384 383
948 2 2 0 1 316 488 314
949 2 2 0 1 460 467 429
950 2 2 0 1 533 534 432
951 2 2 0 1 592 593 546
952 2 2 0 1 330 750 477
953 2 2 0 1 383 737 381
954 2 2 0 1 212 863 209
955 2 2 0 1 339 340 318
956 2 2 0 1 488 826 666
957 2 2 0 1 540 541 487
958 2 2 0 1 386 411 385
959 2 2 0 1 507 508 467
960 2 2 0 1 307 749 308
961 2 2 0 1 461 462 395
962 2 2 0 1 568 760 516
963 2 2 0 1 125 709 124
964 2 2 0 1 461 556 462
965 2 2 0 1 317 774 320
966 2 2 0 1 396 461 395
967 2 2 0 1 384 386 385
968 2 2 0 1 253 256 255
969 2 2 0 1 413 545 356
970 2 2 0 1 345 788 344
971 2 2 0 1 411 745 513
972 2 2 0 1 411 512 450
973 2 2 0 1 303 305 304
974 2 2 0 1 330 332 331
975 2 2 0 1 309 378 357
976 2 2 0 1 284 471 286
977 2 2 0 1 437 770 752
978 2 2 0 1 300 303 301
979 2 2 0 1 224 225 223
980 2 2 0 1 556 595 462
981 2 2 0 1 509 510 508
982 2 2 0 1 218 219 217
983 2 2 0 1 482 483 436
984 2 2 0 1 411 450 385
985 2 2 0 1 674 771 676
986 2 2 0 1 226 227 225
987 2 2 0 1 555 690 449
988 2 2 0 1 512 581 450
989 2 2 0 1 307 308 306
990 2 2 0 1 513 514 512
991 2 2 0 1 411 513 512
992 2 2 0 1 515 516 440
993 2 2 0 1 582 758 757
994 2 2 0 1 220 221 219
995 2 2 0 1 406 408 407
996 2 2 0 1 581 601 582
997 2 2 0 1 294 296 295
998 2 2 0 1 298 300 299
999 2 2 0 1 320 774 468
1000 2 2 0 1 520 521 415
1001 2 2 0 1 404 561 402
1002 2 2 0 1 513 538 514
1003 2 2 0 1 245 247 246
1004 2 2 0 1 544 614 583
1005 2 2 0 1 538 575 514
1006 2 2 0 1 387 395 386
1007 2 2 0 1 328 401 326
1008 2 2 0 1 370 788 475
1009 2 2 0 1 538 630 575
1010 2 2 0 1 342 780 375
1011 2 2 0 1 385 757 383
1012 2 2 0 1 581 582 450
1013 2 2 0 1 729 801 480
1014 2 2 0 1 500 559 501
1015 2 2 0 1 439 440 393
1016 2 2 0 1 161 756 108
1017 2 2 0 1 335 764 739
1018 2 2 0 1 232 759 229
1019 2 2 0 1 214 215 213
1020 2 2 0 1 575 612 514
1021 2 2 0 1 461 730 556
1022 2 2 0 1 595 734 462
1023 2 2 0 1 482 484 483
1024 2 2 0 1 274 330 279
1025 2 2 0 1 468 469 425
1026 2 2 0 1 722 800 448
1027 2 2 0 1 442 772 443
1028 2 2 0 1 540 542 541
1029 2 2 0 1 461 755 730
1030 2 2 0 1 373 393 372
1031 2 2 0 1 316 754 488
1032 2 2 0 1 108 756 107
1033 2 2 0 1 387 396 395
1034 2 2 0 1 305 306 304
1035 2 2 0 1 467 775 429
1036 2 2 0 1 390 442 391
1037 2 2 0 1 521 762 415
1038 2 2 0 1 398 531 312
1039 2 2 0 1 396 755 461
1040 2 2 0 1 337 763 400
1041 2 2 0 1 45 174 44
1042 2 2 0 1 41 179 40
1043 2 2 0 1 39 157 38
1044 2 2 0 1 47 154 46
1045 2 2 0 1 270 437 272
1046 2 2 0 1 233 765 235
1047 2 2 0 1 36 149 35
1048 2 2 0 1 50 148 49
1049 2 2 0 1 53 138 52
1050 2 2 0 1 33 141 32
1051 2 2 0 1 443 772 500
1052 2 2 0 1 37 761 36
1053 2 2 0 1 352 390 389
1054 2 2 0 1 443 500 465
1055 2 2 0 1 36 761 149
1056 2 2 0 1 534 537 536
1057 2 2 0 1 380 480 382
1058 2 2 0 1 472 798 366
1059 2 2 0 1 436 755 396
1060 2 2 0 1 428 775 746
1061 2 2 0 1 384 387 386
1062 2 2 0 1 55 164 54
1063 2 2 0 1 557 558 444
1064 2 2 0 1 341 372 311
1065 2 2 0 1 427 496 369
1066 2 2 0 1 251 253 252
1067 2 2 0 1 743 805 302
1068 2 2 0 1 399 533 432
1069 2 2 0 1 285 766 283
1070 2 2 0 1 195 680 193
1071 2 2 0 1 546 744 545
1072 2 2 0 1 435 436 396
1073 2 2 0 1 516 760 518
1074 2 2 0 1 537 633 627
1075 2 2 0 1 57 133 56
1076 2 2 0 1 505 667 645
1077 2 2 0 1 582 757 450
1078 2 2 0 1 481 482 436
1079 2 2 0 1 450 757 385
1080 2 2 0 1 298 299 296
1081 2 2 0 1 438 497 424
1082 2 2 0 1 303 304 301
1083 2 2 0 1 294 295 292
1084 2 2 0 1 624 775 467
1085 2 2 0 1 346 800 672
1086 2 2 0 1 210 211 209
1087 2 2 0 1 528 685 527
1088 2 2 0 1 700 701 698
1089 2 2 0 1 231 234 233
1090 2 2 0 1 375 780 528
1091 2 2 0 1 300 301 299
1092 2 2 0 1 200 201 199
1093 2 2 0 1 290 377 288
1094 2 2 0 1 486 487 484
1095 2 2 0 1 241 245 244
1096 2 2 0 1 417 419 418
1097 2 2 0 1 382 768 384
1098 2 2 0 1 227 230 229
1099 2 2 0 1 367 797 456
1100 2 2 0 1 475 788 678
1101 2 2 0 1 239 241 240
1102 2 2 0 1 237 239 238
1103 2 2 0 1 384 768 387
1104 2 2 0 1 204 205 203
1105 2 2 0 1 206 207 205
1106 2 2 0 1 543 544 542
1107 2 2 0 1 593 744 546
1108 2 2 0 1 480 768 382
1109 2 2 0 1 234 237 236
1110 2 2 0 1 337 338 333
1111 2 2 0 1 58 769 57
1112 2 2 0 1 221 224 223
1113 2 2 0 1 387 435 396
1114 2 2 0 1 31 165 30
1115 2 2 0 1 522 563 562
1116 2 2 0 1 516 518 517
1117 2 2 0 1 215 218 217
1118 2 2 0 1 539 540 487
1119 2 2 0 1 353 821 291
1120 2 2 0 1 332 333 331
1121 2 2 0 1 435 481 436
1122 2 2 0 1 638 642 641
1123 2 2 0 1 716 720 718
1124 2 2 0 1 732 786 378
1125 2 2 0 1 482 486 484
1126 2 2 0 1 343 742 269
1127 2 2 0 1 308 311 310
1128 2 2 0 1 320 468 425
1129 2 2 0 1 196 197 195
1130 2 2 0 1 293 813 294
1131 2 2 0 1 214 827 802
1132 2 2 0 1 315 774 317
1133 2 2 0 1 520 522 521
1134 2 2 0 1 328 402 401
1135 2 2 0 1 59 170 58
1136 2 2 0 1 224 226 225
1137 2 2 0 1 57 769 133
1138 2 2 0 1 587 812 453
1139 2 2 0 1 774 808 468
1140 2 2 0 1 387 768 435
1141 2 2 0 1 419 434 433
1142 2 2 0 1 268 780 342
1143 2 2 0 1 544 617 614
1144 2 2 0 1 330 331 279
1145 2 2 0 1 218 220 219
1146 2 2 0 1 429 775 428
1147 2 2 0 1 398 880 852
1148 2 2 0 1 378 786 380
1149 2 2 0 1 259 260 258
1150 2 2 0 1 468 644 469
1151 2 2 0 1 448 800 371
1152 2 2 0 1 434 650 485
1153 2 2 0 1 559 560 501
1154 2 2 0 1 540 543 542
1155 2 2 0 1 194 195 193
1156 2 2 0 1 468 808 644
1157 2 2 0 1 308 310 306
1158 2 2 0 1 508 624 467
1159 2 2 0 1 486 539 487
1160 2 2 0 1 290 767 377
1161 2 2 0 1 292 767 290
1162 2 2 0 1 211 214 213
1163 2 2 0 1 248 249 247
1164 2 2 0 1 361 619 532
1165 2 2 0 1 29 131 28
1166 2 2 0 1 533 793 534
1167 2 2 0 1 288 766 285
1168 2 2 0 1 456 797 526
1169 2 2 0 1 516 517 440
1170 2 2 0 1 496 790 369
1171 2 2 0 1 677 798 472
1172 2 2 0 1 629 812 587
1173 2 2 0 1 442 443 391
1174 2 2 0 1 190 191 189
1175 2 2 0 1 500 501 465
1176 2 2 0 1 27 166 26
1177 2 2 0 1 375 528 527
1178 2 2 0 1 26 777 25
1179 2 2 0 1 304 322 301
1180 2 2 0 1 401 815 326
1181 2 2 0 1 428 742 343
1182 2 2 0 1 393 530 372
1183 2 2 0 1 417 418 363
1184 2 2 0 1 21 139 20
1185 2 2 0 1 25 136 24
1186 2 2 0 1 23 168 22
1187 2 2 0 1 22 776 21
1188 2 2 0 1 24 778 23
1189 2 2 0 1 61 137 60
1190 2 2 0 1 63 169 62
1191 2 2 0 1 65 140 64
1192 2 2 0 1 170 769 58
1193 2 2 0 1 390 391 389
1194 2 2 0 1 271 491 254
1195 2 2 0 1 380 786 480
1196 2 2 0 1 295 767 292
1197 2 2 0 1 344 788 370
1198 2 2 0 1 207 210 209
1199 2 2 0 1 347 348 345
1200 2 2 0 1 266 267 265
1201 2 2 0 1 221 791 224
1202 2 2 0 1 250 251 249
1203 2 2 0 1 361 784 619
1204 2 2 0 1 475 678 567
1205 2 2 0 1 306 787 304
1206 2 2 0 1 377 766 288
1207 2 2 0 1 518 606 517
1208 2 2 0 1 262 263 260
1209 2 2 0 1 311 361 310
1210 2 2 0 1 20 782 19
1211 2 2 0 1 739 827 740
1212 2 2 0 1 361 492 310
1213 2 2 0 1 325 335 327
1214 2 2 0 1 251 779 253
1215 2 2 0 1 245 248 247
1216 2 2 0 1 201 204 203
1217 2 2 0 1 256 259 258
1218 2 2 0 1 791 815 549
1219 2 2 0 1 335 360 359
1220 2 2 0 1 278 280 273
1221 2 2 0 1 388 394 351
1222 2 2 0 1 19 167 18
1223 2 2 0 1 67 171 66
1224 2 2 0 1 175 632 185
1225 2 2 0 1 360 424 423
1226 2 2 0 1 534 793 537
1227 2 2 0 1 204 206 205
1228 2 2 0 1 493 631 597
1229 2 2 0 1 403 404 402
1230 2 2 0 1 361 532 492
1231 2 2 0 1 445 451 394
1232 2 2 0 1 366 798 202
1233 2 2 0 1 329 797 367
1234 2 2 0 1 197 200 199
1235 2 2 0 1 414 415 404
1236 2 2 0 1 368 490 426
1237 2 2 0 1 519 520 415
1238 2 2 0 1 310 787 306
1239 2 2 0 1 274 279 278
1240 2 2 0 1 18 781 17
1241 2 2 0 1 68 783 67
1242 2 2 0 1 327 328 326
1243 2 2 0 1 597 605 494
1244 2 2 0 1 456 526 524
1245 2 2 0 1 220 791 221
1246 2 2 0 1 272 274 273
1247 2 2 0 1 323 324 220
1248 2 2 0 1 372 784 311
1249 2 2 0 1 493 494 489
1250 2 2 0 1 206 790 207
1251 2 2 0 1 423 489 359
1252 2 2 0 1 478 808 774
1253 2 2 0 1 325 326 324
1254 2 2 0 1 237 243 239
1255 2 2 0 1 270 272 271
1256 2 2 0 1 250 270 254
1257 2 2 0 1 419 433 418
1258 2 2 0 1 214 802 215
1259 2 2 0 1 371 800 346
1260 2 2 0 1 333 355 331
1261 2 2 0 1 276 347 345
1262 2 2 0 1 511 677 472
1263 2 2 0 1 224 549 226
1264 2 2 0 1 17 144 16
1265 2 2 0 1 69 145 68
1266 2 2 0 1 435 801 481
1267 2 2 0 1 443 465 464
1268 2 2 0 1 328 403 402
1269 2 2 0 1 248 250 249
1270 2 2 0 1 304 787 322
1271 2 2 0 1 520 590 522
1272 2 2 0 1 480 801 768
1273 2 2 0 1 324 815 791
1274 2 2 0 1 218 323 220
1275 2 2 0 1 311 784 361
1276 2 2 0 1 263 266 265
1277 2 2 0 1 497 503 424
1278 2 2 0 1 224 791 549
1279 2 2 0 1 491 779 254
1280 2 2 0 1 434 485 433
1281 2 2 0 1 349 350 348
1282 2 2 0 1 302 805 729
1283 2 2 0 1 625 629 587
1284 2 2 0 1 650 651 485
1285 2 2 0 1 250 254 251
1286 2 2 0 1 335 359 327
1287 2 2 0 1 259 262 260
1288 2 2 0 1 405 406 350
1289 2 2 0 1 352 389 388
1290 2 2 0 1 186 888 599
1291 2 2 0 1 580 816 466
1292 2 2 0 1 523 600 502
1293 2 2 0 1 201 803 204
1294 2 2 0 1 279 358 278
1295 2 2 0 1 207 790 210
1296 2 2 0 1 274 278 273
1297 2 2 0 1 492 787 310
1298 2 2 0 1 403 414 404
1299 2 2 0 1 166 777 26
1300 2 2 0 1 360 423 359
1301 2 2 0 1 443 464 391
1302 2 2 0 1 414 519 415
1303 2 2 0 1 519 785 520
1304 2 2 0 1 501 576 465
1305 2 2 0 1 270 271 254
1306 2 2 0 1 272 273 271
1307 2 2 0 1 768 801 435
1308 2 2 0 1 325 327 326
1309 2 2 0 1 423 493 489
1310 2 2 0 1 530 784 372
1311 2 2 0 1 493 597 494
1312 2 2 0 1 323 325 324
1313 2 2 0 1 640 889 637
1314 2 2 0 1 743 831 805
1315 2 2 0 1 569 580 466
1316 2 2 0 1 259 392 262
1317 2 2 0 1 25 777 136
1318 2 2 0 1 14 152 13
1319 2 2 0 1 72 153 71
1320 2 2 0 1 392 552 551
1321 2 2 0 1 254 779 251
1322 2 2 0 1 334 352 351
1323 2 2 0 1 363 810 340
1324 2 2 0 1 168 776 22
1325 2 2 0 1 136 778 24
1326 2 2 0 1 21 776 139
1327 2 2 0 1 23 778 168
1328 2 2 0 1 445 573 572
1329 2 2 0 1 297 839 743
1330 2 2 0 1 340 810 754
1331 2 2 0 1 294 813 297
1332 2 2 0 1 453 812 409
1333 2 2 0 1 537 811 633
1334 2 2 0 1 499 502 427
1335 2 2 0 1 770 825 752
1336 2 2 0 1 194 196 195
1337 2 2 0 1 253 809 256
1338 2 2 0 1 191 194 193
1339 2 2 0 1 13 792 12
1340 2 2 0 1 200 803 201
1341 2 2 0 1 463 608 607
1342 2 2 0 1 426 427 369
1343 2 2 0 1 368 369 206
1344 2 2 0 1 433 474 418
1345 2 2 0 1 388 445 394
1346 2 2 0 1 139 782 20
1347 2 2 0 1 324 791 220
1348 2 2 0 1 392 551 262
1349 2 2 0 1 451 796 394
1350 2 2 0 1 266 334 277
1351 2 2 0 1 331 794 279
1352 2 2 0 1 271 799 491
1353 2 2 0 1 204 368 206
1354 2 2 0 1 418 810 363
1355 2 2 0 1 638 641 636
1356 2 2 0 1 369 790 206
1357 2 2 0 1 651 731 485
1358 2 2 0 1 810 826 754
1359 2 2 0 1 266 277 267
1360 2 2 0 1 352 830 390
1361 2 2 0 1 352 388 351
1362 2 2 0 1 520 785 590
1363 2 2 0 1 589 975 782
1364 2 2 0 1 523 643 600
1365 2 2 0 1 802 827 764
1366 2 2 0 1 474 826 810
1367 2 2 0 1 445 572 451
1368 2 2 0 1 498 570 569
1369 2 2 0 1 793 811 537
1370 2 2 0 1 215 802 218
1371 2 2 0 1 573 596 572
1372 2 2 0 1 280 799 273
1373 2 2 0 1 19 782 167
1374 2 2 0 1 499 523 502
1375 2 2 0 1 368 426 369
1376 2 2 0 1 262 814 263
1377 2 2 0 1 256 809 259
1378 2 2 0 1 334 351 277
1379 2 2 0 1 187 190 189
1380 2 2 0 1 426 499 427
1381 2 2 0 1 279 794 358
1382 2 2 0 1 323 802 764
1383 2 2 0 1 615 940 131
1384 2 2 0 1 779 809 253
1385 2 2 0 1 405 498 466
1386 2 2 0 1 347 553 349
1387 2 2 0 1 293 841 813
1388 2 2 0 1 75 159 74
1389 2 2 0 1 11 158 10
1390 2 2 0 1 347 349 348
1391 2 2 0 1 408 422 410
1392 2 2 0 1 291 821 293
1393 2 2 0 1 353 851 821
1394 2 2 0 1 167 781 18
1395 2 2 0 1 67 783 171
1396 2 2 0 1 481 831 482
1397 2 2 0 1 355 794 331
1398 2 2 0 1 328 806 403
1399 2 2 0 1 204 803 368
1400 2 2 0 1 493 807 631
1401 2 2 0 1 424 807 423
1402 2 2 0 1 327 806 328
1403 2 2 0 1 503 807 424
1404 2 2 0 1 474 810 418
1405 2 2 0 1 349 405 350
1406 2 2 0 1 489 806 359
1407 2 2 0 1 267 818 276
1408 2 2 0 1 405 466 406
1409 2 2 0 1 570 591 569
1410 2 2 0 1 326 815 324
1411 2 2 0 1 273 799 271
1412 2 2 0 1 368 803 490
1413 2 2 0 1 17 781 144
1414 2 2 0 1 145 783 68
1415 2 2 0 1 259 809 392
1416 2 2 0 1 218 802 323
1417 2 2 0 1 558 884 854
1418 2 2 0 1 191 817 194
1419 2 2 0 1 862 868 554
1420 2 2 0 1 498 569 466
1421 2 2 0 1 503 866 843
1422 2 2 0 1 551 814 262
1423 2 2 0 1 194 463 196
1424 2 2 0 1 263 814 266
1425 2 2 0 1 463 470 196
1426 2 2 0 1 359 806 327
1427 2 2 0 1 211 834 214
1428 2 2 0 1 190 817 191
1429 2 2 0 1 276 818 347
1430 2 2 0 1 423 807 493
1431 2 2 0 1 289 844 353
1432 2 2 0 1 336 844 287
1433 2 2 0 1 735 874 850
1434 2 2 0 1 10 820 9
1435 2 2 0 1 76 804 75
1436 2 2 0 1 277 818 267
1437 2 2 0 1 277 832 818
1438 2 2 0 1 248 825 770
1439 2 2 0 1 214 834 827
1440 2 2 0 1 731 859 853
1441 2 2 0 1 805 831 481
1442 2 2 0 1 551 830 814
1443 2 2 0 1 463 607 470
1444 2 2 0 1 245 825 248
1445 2 2 0 1 753 887 882
1446 2 2 0 1 608 823 607
1447 2 2 0 1 266 814 334
1448 2 2 0 1 806 828 403
1449 2 2 0 1 394 832 351
1450 2 2 0 1 494 828 489
1451 2 2 0 1 152 792 13
1452 2 2 0 1 510 840 508
1453 2 2 0 1 406 816 408
1454 2 2 0 1 9 172 8
1455 2 2 0 1 77 173 76
1456 2 2 0 1 347 818 553
1457 2 2 0 1 241 825 245
1458 2 2 0 1 814 830 334
1459 2 2 0 1 827 834 740
1460 2 2 0 1 825 837 752
1461 2 2 0 1 489 828 806
1462 2 2 0 1 466 816 406
1463 2 2 0 1 743 839 831
1464 2 2 0 1 194 817 463
1465 2 2 0 1 147 897 896
1466 2 2 0 1 463 817 608
1467 2 2 0 1 89 879 156
1468 2 2 0 1 243 858 645
1469 2 2 0 1 539 841 540
1470 2 2 0 1 818 832 553
1471 2 2 0 1 779 833 809
1472 2 2 0 1 243 849 837
1473 2 2 0 1 8 824 7
1474 2 2 0 1 78 819 77
1475 2 2 0 1 754 826 488
1476 2 2 0 1 296 845 295
1477 2 2 0 1 764 827 739
1478 2 2 0 1 243 837 239
1479 2 2 0 1 185 822 187
1480 2 2 0 1 605 838 494
1481 2 2 0 1 408 816 422
1482 2 2 0 1 482 831 486
1483 2 2 0 1 403 828 414
1484 2 2 0 1 392 833 552
1485 2 2 0 1 813 841 539
1486 2 2 0 1 79 180 78
1487 2 2 0 1 7 181 6
1488 2 2 0 1 809 833 392
1489 2 2 0 1 334 830 352
1490 2 2 0 1 210 834 211
1491 2 2 0 1 543 851 544
1492 2 2 0 1 426 835 499
1493 2 2 0 1 632 822 185
1494 2 2 0 1 187 822 190
1495 2 2 0 1 799 873 857
1496 2 2 0 1 322 848 301
1497 2 2 0 1 158 820 10
1498 2 2 0 1 75 804 159
1499 2 2 0 1 490 835 426
1500 2 2 0 1 494 838 828
1501 2 2 0 1 491 833 779
1502 2 2 0 1 351 832 277
1503 2 2 0 1 241 837 825
1504 2 2 0 1 438 855 497
1505 2 2 0 1 239 837 241
1506 2 2 0 1 821 851 543
1507 2 2 0 1 561 854 402
1508 2 2 0 1 216 859 213
1509 2 2 0 1 831 839 486
1510 2 2 0 1 828 838 414
1511 2 2 0 1 731 863 212
1512 2 2 0 1 321 865 319
1513 2 2 0 1 718 894 719
1514 2 2 0 1 339 865 364
1515 2 2 0 1 830 836 390
1516 2 2 0 1 474 853 741
1517 2 2 0 1 796 846 553
1518 2 2 0 1 9 820 172
1519 2 2 0 1 173 804 76
1520 2 2 0 1 552 836 551
1521 2 2 0 1 846 856 498
1522 2 2 0 1 405 846 498
1523 2 2 0 1 414 838 519
1524 2 2 0 1 322 874 848
1525 2 2 0 1 837 849 752
1526 2 2 0 1 496 847 790
1527 2 2 0 1 73 959 598
1528 2 2 0 1 651 863 731
1529 2 2 0 1 553 846 349
1530 2 2 0 1 504 868 557
1531 2 2 0 1 486 839 539
1532 2 2 0 1 492 850 787
1533 2 2 0 1 495 875 579
1534 2 2 0 1 855 860 497
1535 2 2 0 1 853 859 741
1536 2 2 0 1 508 840 624
1537 2 2 0 1 433 853 474
1538 2 2 0 1 521 869 762
1539 2 2 0 1 731 853 485
1540 2 2 0 1 540 841 543
1541 2 2 0 1 611 875 525
1542 2 2 0 1 601 956 48
1543 2 2 0 1 799 857 491
1544 2 2 0 1 190 842 817
1545 2 2 0 1 230 862 231
1546 2 2 0 1 210 847 834
1547 2 2 0 1 287 844 289
1548 2 2 0 1 172 824 8
1549 2 2 0 1 77 819 173
1550 2 2 0 1 502 866 860
1551 2 2 0 1 551 836 830
1552 2 2 0 1 500 871 559
1553 2 2 0 1 752 849 751
1554 2 2 0 1 502 860 427
1555 2 2 0 1 237 858 243
1556 2 2 0 1 299 845 296
1557 2 2 0 1 517 864 440
1558 2 2 0 1 393 864 530
1559 2 2 0 1 227 870 230
1560 2 2 0 1 301 848 299
1561 2 2 0 1 550 874 535
1562 2 2 0 1 180 819 78
1563 2 2 0 1 7 824 181
1564 2 2 0 1 834 847 740
1565 2 2 0 1 594 878 623
1566 2 2 0 1 299 848 845
1567 2 2 0 1 544 851 617
1568 2 2 0 1 817 842 608
1569 2 2 0 1 796 856 846
1570 2 2 0 1 790 847 210
1571 2 2 0 1 787 850 322
1572 2 2 0 1 784 861 619
1573 2 2 0 1 735 877 431
1574 2 2 0 1 772 873 871
1575 2 2 0 1 431 880 397
1576 2 2 0 1 349 846 405
1577 2 2 0 1 822 842 190
1578 2 2 0 1 619 852 532
1579 2 2 0 1 412 878 738
1580 2 2 0 1 496 855 847
1581 2 2 0 1 737 876 412
1582 2 2 0 1 600 866 502
1583 2 2 0 1 719 890 789
1584 2 2 0 1 547 878 594
1585 2 2 0 1 492 877 850
1586 2 2 0 1 848 874 550
1587 2 2 0 1 485 853 433
1588 2 2 0 1 606 902 364
1589 2 2 0 1 877 880 431
1590 2 2 0 1 611 914 171
1591 2 2 0 1 753 882 506
1592 2 2 0 1 847 855 740
1593 2 2 0 1 740 855 438
1594 2 2 0 1 552 857 773
1595 2 2 0 1 402 854 401
1596 2 2 0 1 857 873 773
1597 2 2 0 1 498 856 570
1598 2 2 0 1 670 863 651
1599 2 2 0 1 234 858 237
1600 2 2 0 1 496 860 855
1601 2 2 0 1 871 873 280
1602 2 2 0 1 860 866 497
1603 2 2 0 1 427 860 496
1604 2 2 0 1 156 879 842
1605 2 2 0 1 558 883 444
1606 2 2 0 1 230 870 868
1607 2 2 0 1 561 883 854
1608 2 2 0 1 741 859 216
1609 2 2 0 1 868 870 557
1610 2 2 0 1 850 877 735
1611 2 2 0 1 856 867 570
1612 2 2 0 1 358 872 278
1613 2 2 0 1 773 873 772
1614 2 2 0 1 131 961 615
1615 2 2 0 1 451 856 796
1616 2 2 0 1 762 886 561
1617 2 2 0 1 833 857 552
1618 2 2 0 1 231 862 234
1619 2 2 0 1 530 861 784
1620 2 2 0 1 719 894 890
1621 2 2 0 1 234 862 858
1622 2 2 0 1 440 864 393
1623 2 2 0 1 319 865 339
1624 2 2 0 1 401 884 815
1625 2 2 0 1 451 867 856
1626 2 2 0 1 613 892 321
1627 2 2 0 1 278 872 280
1628 2 2 0 1 491 857 833
1629 2 2 0 1 517 892 864
1630 2 2 0 1 554 868 504
1631 2 2 0 1 497 866 503
1632 2 2 0 1 602 946 593
1633 2 2 0 1 842 879 608
1634 2 2 0 1 562 869 521
1635 2 2 0 1 226 870 227
1636 2 2 0 1 572 867 451
1637 2 2 0 1 659 968 655
1638 2 2 0 1 916 938 936
1639 2 2 0 1 561 886 883
1640 2 2 0 1 772 871 500
1641 2 2 0 1 557 881 558
1642 2 2 0 1 871 872 559
1643 2 2 0 1 389 885 388
1644 2 2 0 1 628 901 578
1645 2 2 0 1 445 885 573
1646 2 2 0 1 525 875 495
1647 2 2 0 1 854 883 558
1648 2 2 0 1 280 873 799
1649 2 2 0 1 338 891 333
1650 2 2 0 1 655 968 654
1651 2 2 0 1 226 881 870
1652 2 2 0 1 789 890 200
1653 2 2 0 1 758 876 737
1654 2 2 0 1 881 884 558
1655 2 2 0 1 615 961 165
1656 2 2 0 1 738 878 547
1657 2 2 0 1 870 881 557
1658 2 2 0 1 141 893 32
1659 2 2 0 1 515 895 568
1660 2 2 0 1 200 890 803
1661 2 2 0 1 532 877 492
1662 2 2 0 1 31 893 165
1663 2 2 0 1 850 874 322
1664 2 2 0 1 864 892 613
1665 2 2 0 1 280 872 871
1666 2 2 0 1 712 895 710
1667 2 2 0 1 532 880 877
1668 2 2 0 1 608 879 823
1669 2 2 0 1 506 882 574
1670 2 2 0 1 549 881 226
1671 2 2 0 1 168 909 776
1672 2 2 0 1 562 891 869
1673 2 2 0 1 835 896 499
1674 2 2 0 1 164 946 602
1675 2 2 0 1 157 898 38
1676 2 2 0 1 37 898 761
1677 2 2 0 1 444 883 365
1678 2 2 0 1 577 901 511
1679 2 2 0 1 869 891 338
1680 2 2 0 1 902 913 663
1681 2 2 0 1 571 899 507
1682 2 2 0 1 721 896 835
1683 2 2 0 1 509 899 585
1684 2 2 0 1 852 880 532
1685 2 2 0 1 815 884 549
1686 2 2 0 1 549 884 881
1687 2 2 0 1 622 900 51
1688 2 2 0 1 50 900 148
1689 2 2 0 1 883 886 365
1690 2 2 0 1 188 888 186
1691 2 2 0 1 637 889 639
1692 2 2 0 1 669 906 162
1693 2 2 0 1 388 885 445
1694 2 2 0 1 365 886 338
1695 2 2 0 1 665 948 905
1696 2 2 0 1 623 900 622
1697 2 2 0 1 541 887 753
1698 2 2 0 1 59 903 170
1699 2 2 0 1 662 903 137
1700 2 2 0 1 703 927 358
1701 2 2 0 1 98 906 143
1702 2 2 0 1 162 906 99
1703 2 2 0 1 137 903 60
1704 2 2 0 1 130 904 129
1705 2 2 0 1 83 905 82
1706 2 2 0 1 904 950 664
1707 2 2 0 1 519 907 785
1708 2 2 0 1 618 907 605
1709 2 2 0 1 333 891 355
1710 2 2 0 1 173 888 804
1711 2 2 0 1 820 889 172
1712 2 2 0 1 803 890 490
1713 2 2 0 1 15 911 603
1714 2 2 0 1 585 940 564
1715 2 2 0 1 512 910 581
1716 2 2 0 1 606 892 517
1717 2 2 0 1 612 910 514
1718 2 2 0 1 829 909 529
1719 2 2 0 1 890 894 490
1720 2 2 0 1 152 962 792
1721 2 2 0 1 32 893 31
1722 2 2 0 1 605 907 838
1723 2 2 0 1 416 917 657
1724 2 2 0 1 710 895 515
1725 2 2 0 1 144 911 16
1726 2 2 0 1 760 913 518
1727 2 2 0 1 490 894 835
1728 2 2 0 1 499 896 523
1729 2 2 0 1 511 901 628
1730 2 2 0 1 657 917 663
1731 2 2 0 1 65 914 140
1732 2 2 0 1 174 934 612
1733 2 2 0 1 171 914 66
1734 2 2 0 1 896 897 523
1735 2 2 0 1 523 897 643
1736 2 2 0 1 364 917 362
1737 2 2 0 1 38 898 37
1738 2 2 0 1 168 932 909
1739 2 2 0 1 649 943 792
1740 2 2 0 1 559 927 560
1741 2 2 0 1 792 962 649
1742 2 2 0 1 595 919 734
1743 2 2 0 1 603 911 604
1744 2 2 0 1 693 924 134
1745 2 2 0 1 538 919 630
1746 2 2 0 1 507 899 509
1747 2 2 0 1 706 926 697
1748 2 2 0 1 51 900 50
1749 2 2 0 1 620 973 145
1750 2 2 0 1 116 922 115
1751 2 2 0 1 55 921 164
1752 2 2 0 1 133 921 56
1753 2 2 0 1 131 920 28
1754 2 2 0 1 27 920 166
1755 2 2 0 1 699 926 703
1756 2 2 0 1 119 925 118
1757 2 2 0 1 33 912 141
1758 2 2 0 1 145 973 783
1759 2 2 0 1 582 928 758
1760 2 2 0 1 145 952 620
1761 2 2 0 1 916 936 639
1762 2 2 0 1 35 931 34
1763 2 2 0 1 518 902 606
1764 2 2 0 1 153 930 71
1765 2 2 0 1 548 935 652
1766 2 2 0 1 630 944 179
1767 2 2 0 1 60 903 59
1768 2 2 0 1 81 905 80
1769 2 2 0 1 5 904 4
1770 2 2 0 1 45 934 174
1771 2 2 0 1 154 934 46
1772 2 2 0 1 654 937 610
1773 2 2 0 1 177 970 646
1774 2 2 0 1 141 912 882
1775 2 2 0 1 647 971 178
1776 2 2 0 1 758 929 876
1777 2 2 0 1 99 906 98
1778 2 2 0 1 888 915 804
1779 2 2 0 1 820 916 889
1780 2 2 0 1 711 946 712
1781 2 2 0 1 671 973 620
1782 2 2 0 1 614 940 615
1783 2 2 0 1 179 944 40
1784 2 2 0 1 39 944 157
1785 2 2 0 1 73 941 72
1786 2 2 0 1 838 907 519
1787 2 2 0 1 410 942 421
1788 2 2 0 1 188 915 888
1789 2 2 0 1 760 933 913
1790 2 2 0 1 889 916 639
1791 2 2 0 1 649 962 476
1792 2 2 0 1 792 943 12
1793 2 2 0 1 11 943 158
1794 2 2 0 1 48 955 601
1795 2 2 0 1 529 909 555
1796 2 2 0 1 69 952 145
1797 2 2 0 1 48 956 47
1798 2 2 0 1 165 961 30
1799 2 2 0 1 29 961 131
1800 2 2 0 1 34 912 33
1801 2 2 0 1 569 954 580
1802 2 2 0 1 514 910 512
1803 2 2 0 1 914 937 140
1804 2 2 0 1 465 969 464
1805 2 2 0 1 816 951 422
1806 2 2 0 1 675 957 584
1807 2 2 0 1 687 923 689
1808 2 2 0 1 79 948 180
1809 2 2 0 1 181 950 6
1810 2 2 0 1 358 927 872
1811 2 2 0 1 82 905 81
1812 2 2 0 1 4 904 130
1813 2 2 0 1 570 965 591
1814 2 2 0 1 16 911 15
1815 2 2 0 1 572 963 867
1816 2 2 0 1 142 972 687
1817 2 2 0 1 778 932 168
1818 2 2 0 1 148 955 49
1819 2 2 0 1 584 975 589
1820 2 2 0 1 639 945 638
1821 2 2 0 1 66 914 65
1822 2 2 0 1 652 915 188
1823 2 2 0 1 642 953 682
1824 2 2 0 1 882 912 574
1825 2 2 0 1 909 932 555
1826 2 2 0 1 804 915 159
1827 2 2 0 1 158 916 820
1828 2 2 0 1 362 917 416
1829 2 2 0 1 567 918 566
1830 2 2 0 1 181 970 950
1831 2 2 0 1 948 971 180
1832 2 2 0 1 778 947 932
1833 2 2 0 1 556 967 761
1834 2 2 0 1 734 919 538
1835 2 2 0 1 900 929 148
1836 2 2 0 1 957 975 584
1837 2 2 0 1 28 920 27
1838 2 2 0 1 115 922 142
1839 2 2 0 1 56 921 55
1840 2 2 0 1 134 924 706
1841 2 2 0 1 885 923 573
1842 2 2 0 1 118 925 146
1843 2 2 0 1 697 926 699
1844 2 2 0 1 518 913 902
1845 2 2 0 1 601 928 582
1846 2 2 0 1 71 930 70
1847 2 2 0 1 611 937 914
1848 2 2 0 1 918 939 566
1849 2 2 0 1 571 966 777
1850 2 2 0 1 555 932 691
1851 2 2 0 1 149 931 35
1852 2 2 0 1 564 940 614
1853 2 2 0 1 913 933 662
1854 2 2 0 1 565 949 730
1855 2 2 0 1 574 949 565
1856 2 2 0 1 872 927 559
1857 2 2 0 1 687 972 923
1858 2 2 0 1 689 923 885
1859 2 2 0 1 591 965 925
1860 2 2 0 1 876 929 623
1861 2 2 0 1 903 933 170
1862 2 2 0 1 136 947 778
1863 2 2 0 1 623 929 900
1864 2 2 0 1 683 960 684
1865 2 2 0 1 598 935 548
1866 2 2 0 1 46 934 45
1867 2 2 0 1 928 955 148
1868 2 2 0 1 159 959 74
1869 2 2 0 1 74 959 73
1870 2 2 0 1 684 960 150
1871 2 2 0 1 932 947 691
1872 2 2 0 1 936 938 648
1873 2 2 0 1 120 964 119
1874 2 2 0 1 421 936 648
1875 2 2 0 1 905 948 80
1876 2 2 0 1 5 950 904
1877 2 2 0 1 117 974 116
1878 2 2 0 1 930 952 70
1879 2 2 0 1 610 937 611
1880 2 2 0 1 648 938 649
1881 2 2 0 1 682 953 683
1882 2 2 0 1 949 967 730
1883 2 2 0 1 136 966 947
1884 2 2 0 1 566 939 675
1885 2 2 0 1 150 964 120
1886 2 2 0 1 958 976 769
1887 2 2 0 1 760 958 933
1888 2 2 0 1 638 945 642
1889 2 2 0 1 654 968 937
1890 2 2 0 1 72 941 153
1891 2 2 0 1 12 943 11
1892 2 2 0 1 422 942 410
1893 2 2 0 1 936 945 639
1894 2 2 0 1 40 944 39
1895 2 2 0 1 568 976 958
1896 2 2 0 1 933 958 170
1897 2 2 0 1 593 946 711
1898 2 2 0 1 730 967 556
1899 2 2 0 1 691 947 692
1900 2 2 0 1 170 958 769
1901 2 2 0 1 167 957 781
1902 2 2 0 1 146 974 117
1903 2 2 0 1 80 948 79
1904 2 2 0 1 6 950 5
1905 2 2 0 1 580 951 816
1906 2 2 0 1 140 968 659
1907 2 2 0 1 70 952 69
1908 2 2 0 1 662 933 903
1909 2 2 0 1 777 966 136
1910 2 2 0 1 49 955 48
1911 2 2 0 1 947 966 692
1912 2 2 0 1 591 954 569
1913 2 2 0 1 47 956 154
1914 2 2 0 1 568 958 760
1915 2 2 0 1 664 970 177
1916 2 2 0 1 476 962 586
1917 2 2 0 1 149 967 949
1918 2 2 0 1 30 961 29
1919 2 2 0 1 178 971 665
1920 2 2 0 1 942 953 642
1921 2 2 0 1 596 963 572
1922 2 2 0 1 692 966 571
1923 2 2 0 1 579 973 671
1924 2 2 0 1 158 938 916
1925 2 2 0 1 895 976 568
1926 2 2 0 1 761 967 149
1927 2 2 0 1 769 976 133
1928 2 2 0 1 576 969 465
1929 2 2 0 1 950 970 664
1930 2 2 0 1 665 971 948
1931 2 2 0 1 782 975 167
1932 2 2 0 1 931 949 574
1933 2 2 0 1 867 965 570
1934 2 2 0 1 923 972 573
1935 2 2 0 1 925 965 146
1936 2 2 0 1 935 959 159
1937 2 2 0 1 167 975 957
1938 2 2 0 1 133 976 895
1939 2 2 0 1 951 960 683
1940 2 2 0 1 149 949 931
1941 2 2 0 1 421 945 936
1942 2 2 0 1 954 964 150
1943 2 2 0 1 601 955 928
1944 2 2 0 1 781 957 939
1945 2 2 0 1 937 968 140
1946 2 2 0 1 598 959 935
1947 2 2 0 1 422 953 942
1948 2 2 0 1 939 957 675
1949 2 2 0 1 922 972 142
1950 2 2 0 1 963 974 146
1951 2 2 0 1 580 960 951
1952 2 2 0 1 591 964 954
1953 2 2 0 1 596 974 963
$EndElements
